-10 5.2 0.0354819
-9.6 5.2 -0.202875
-9.2 5.2 -0.865111
-10 5.6 -0.140655
-9.6 5.6 0.24014
-9.2 5.6 0.580636
-8.8 5.6 0.820899
-8.4 5.6 0.900992
-8 5.6 0.760982
-7.6 5.6 0.340933
-10 6 0.304811
-9.6 6 -0.452038
-9.2 6 -0.865605
-8.8 6 -0.995827
-8.4 6 -0.902638
-8 6 -0.645972
-7.6 6 -0.285765
-7.2 6 0.118048
-6.8 6 0.505533
-6.4 6 0.816755
-6 6 0.991779
-4.8 6 0.100314
-2.8 6 -9.70334
2.4 6 -132.939
4.4 6 -238.61
-4.4 6.4 -5.11643
-8.8 5.2 -0.883679
-8.4 5.2 -0.868572
-8 5.2 -0.820789
-7.6 5.2 -0.741324
-7.2 5.2 -0.631177
-6.8 5.2 -0.491343
-6.4 5.2 -0.322819
-6 5.2 -0.126604
-7.2 5.6 -0.0754276
-6.8 5.6 -0.379615
-6.4 5.6 -0.572626
-6 5.6 -0.655458
-5.6 5.2 0.127763
-5.2 5.2 0.506066
-5.6 5.6 -0.794039
-5.2 5.6 -0.889056
-4.8 5.6 -0.900795
-4.4 5.6 -0.789541
-4 5.6 -0.515579
-3.6 5.6 -0.0391958
-5.6 6 0.635325
-5.2 6 0.242062
-4.4 6 -0.496034
-4 6 -0.761438
-3.6 6 -0.904793
-3.2 6 -0.886384
-2.4 6 -0.205415
-2 6 0.536573
-4.8 5.2 0.673018
-4.4 5.2 0.802766
-4 5.2 0.895921
-3.6 5.2 0.953093
-3.2 5.2 0.974891
-2.8 5.2 0.961927
-2.4 5.2 0.914809
-2 5.2 0.834148
-3.2 5.6 0.339047
-2.8 5.6 0.633994
-2.4 5.6 0.846255
-2 5.6 0.976441
-1.6 5.2 0.841865
-1.2 5.2 0.668381
-1.6 5.6 1.12656
-1.2 5.6 0.998833
-0.8 5.6 0.686874
-0.4 5.6 0.284314
0 5.6 -0.115219
0.4 5.6 -0.418099
-1.6 6 0.991021
-1.2 6 1.07096
-0.8 6 0.870019
-0.4 6 0.481823
0 6 0
0.4 6 -0.481823
0.8 6 -0.870019
1.2 6 -1.07096
1.6 6 -0.991021
2 6 -0.536573
-0.8 5.2 0.436595
-0.4 5.2 0.214383
0 5.2 0.00323776
0.4 5.2 -0.195344
0.8 5.2 -0.379869
1.2 5.2 -0.548841
1.6 5.2 -0.700765
2 5.2 -0.834148
0.8 5.6 -0.620196
1.2 5.6 -0.781615
1.6 5.6 -0.900862
2 5.6 -0.976441
2.4 5.2 -1.16694
2.8 5.2 -1.34086
2.4 5.6 -0.675124
2.8 5.6 -0.434822
3.2 5.6 -0.215822
3.6 5.6 0.0215911
4 5.6 0.317133
4.4 5.6 0.710517
2.8 6 0.666496
3.2 6 0.886384
3.6 6 0.904793
4 6 0.761438
4.8 6 0.148296
5.2 6 -0.242062
5.6 6 -0.635325
6 6 -0.991779
3.2 5.2 -1.20123
3.6 5.2 -1.05031
4 5.2 -0.887475
4.4 5.2 -0.712129
4.8 5.2 -0.523658
5.2 5.2 -0.321452
5.6 5.2 -0.104902
6 5.2 0.126604
4.8 5.6 0.673146
5.2 5.6 0.651106
5.6 5.6 0.645007
6 5.6 0.655458
-4.4 2.4 -865.764
6.4 5.2 0.401022
6.8 5.2 1.02032
6.4 5.6 0.0562151
6.8 5.6 -0.30249
7.2 5.6 -0.480593
7.6 5.6 -0.538028
8 5.6 -0.534729
8.4 5.6 -0.530633
6.4 6 -0.816755
6.8 6 -0.505533
7.2 6 -0.118048
7.6 6 0.285765
8 6 0.645972
8.4 6 0.902638
8.8 6 0.995827
9.2 6 0.865605
9.6 6 0.452038
10 6 -0.304811
7.2 5.2 0.967407
7.6 5.2 0.893901
8 5.2 0.798802
8.4 5.2 0.681113
8.8 5.2 0.539837
9.2 5.2 0.373977
9.6 5.2 0.182537
10 5.2 -0.0354819
8.8 5.6 -0.228479
9.2 5.6 -0.0152155
9.6 5.6 0.108162
10 5.6 0.140655
-10 -8.4 65690.4
-10 6.4 -0.267184
-9.6 6.4 -0.69273
-9.2 6.4 -0.7411
-8.8 6.4 -0.228576
-8.4 6.4 1.02856
-10 6.8 0.626297
-9.6 6.8 0.632235
-9.2 6.8 0.279692
-8.8 6.8 -0.247614
-8.4 6.8 -0.765963
-8 6.8 -1.09164
-7.6 6.8 -1.04092
-7.2 6.8 -0.430095
-6.8 6.8 0.924561
-3.6 7.6 2.76921
-8 6.4 0.198463
-7.6 6.4 -0.321183
-7.2 6.4 -0.590312
-6.8 6.4 -0.668858
-6.4 6.4 -0.616756
-6 6.4 -0.493941
-6.4 6.8 0.121029
-6 6.8 -0.404879
-6 -8.4 -17424.3
-5.6 6.4 0.0072351
-5.2 6.4 0.538397
-4.8 6.4 0.892273
-5.6 6.8 -0.888946
-5.2 6.8 -0.813259
-4.8 6.8 -0.385089
-4.4 6.8 0.188292
-4 6.8 0.699611
-3.6 6.8 0.941599
-3.2 6.8 0.706982
-2.8 6.8 -0.211511
0.4 7.6 -3.76506
8.4 9.6 -4.27548
-4 6.4 0.158862
-3.6 6.4 -0.388532
-3.2 6.4 -0.740875
-2.8 6.4 -0.858454
-2.4 6.4 -0.701554
-2 6.4 -0.23046
-2.4 6.8 -0.710752
-2 6.8 -0.862514
-2 -8.4 -3588.85
-1.6 6.4 0.930564
-1.2 6.4 1.29519
-0.8 6.4 1.07873
-0.4 6.4 0.49652
-1.6 6.8 0.555085
-1.2 6.8 1.13302
-0.8 6.8 1.08662
-0.4 6.8 0.631197
0 6.8 -0.0179164
0.4 6.8 -0.645399
0.8 6.8 -1.03593
1.2 6.8 -0.974177
4.4 7.6 33.2213
0 6.4 -0.133439
0.4 6.4 -0.653987
0.8 6.4 -0.971499
1.2 6.4 -0.992346
1.6 6.4 -0.622902
2 6.4 0.23046
1.6 6.8 -0.352496
2 6.8 0.862514
2 -8.4 3588.85
-9.2 3.2 -493.104
-7.6 3.6 -336.592
2.4 6.4 0.0315899
2.8 6.4 0.174437
3.2 6.4 0.45173
3.6 6.4 0.656198
2.4 6.8 -0.232965
2.8 6.8 -0.658848
3.2 6.8 -0.622406
3.6 6.8 -0.330913
4 6.8 0.00836171
4.4 6.8 0.188145
4.8 6.8 0.00116642
5.2 6.8 -0.759847
4 6.4 -0.171321
4.4 6.4 -0.731603
4.8 6.4 -0.984932
5.2 6.4 -0.891594
5.6 6.4 -0.411875
6 6.4 0.493941
5.6 6.8 -0.585175
6 6.8 0.404879
6 -8.4 17424.3
-5.2 3.2 -178.975
-3.6 3.6 -125.831
1.2 4.8 -30.3791
6.4 6.4 -0.242526
6.8 6.4 -0.564608
7.2 6.4 -0.288586
7.6 6.4 0.769259
6.4 6.8 0.4303
6.8 6.8 0.0982239
7.2 6.8 -0.40763
7.6 6.8 -0.903544
8 6.8 -1.2058
8.4 6.8 -1.13068
8.8 6.8 -0.494459
9.2 6.8 0.886572
8 6.4 -0.303399
8.4 6.4 -0.900553
8.8 6.4 -1.08214
9.2 6.4 -0.908084
9.6 6.4 -0.438333
10 6.4 0.267184
9.6 6.8 -0.277268
10 6.8 -0.626297
-10 7.2 1.04468
-9.6 7.2 0.332982
-9.2 7.2 -0.890146
-10 7.6 -0.657584
-9.6 7.6 0.0281768
-9.2 7.6 0.430882
-8.8 7.6 0.596071
-8.4 7.6 0.569282
-8 7.6 0.396055
-7.6 7.6 0.121927
-10 8 0.993889
-9.6 8 0.670938
-9.2 8 0.293303
-8.8 8 -0.0934773
-8.4 8 -0.443864
-8 8 -0.712318
-7.6 8 -0.8533
-7.2 8 -0.821273
-6.8 8 -0.570698
-6.4 8 -0.0560345
-6 8 0.768255
-4.8 8 5.55427
-2.8 8 23.9738
2.4 8 170.251
4.4 8 280.063
-4.4 8.4 -1.38139
-8.8 7.2 0.178855
-8.4 7.2 0.624287
-8 7.2 0.629871
-7.6 7.2 0.379324
-7.2 7.2 0.0563643
-6.8 7.2 -0.155289
-6.4 7.2 -0.0719186
-6 7.2 0.490195
-7.2 7.6 0.322558
-6.8 7.6 0.105107
-6.4 7.6 -0.34671
-6 7.6 -0.849174
-5.6 7.2 0.647109
-5.2 7.2 0.00791603
-5.6 7.6 0.275443
-5.2 7.6 0.846312
-4.8 7.6 0.960381
-4.4 7.6 0.714595
-4 7.6 0.205904
-5.6 8 0.958098
-5.2 8 0.836554
-4.4 8 0.0470901
-4 8 -0.426935
-3.6 8 -0.824558
-3.2 8 -1.04883
-2.4 8 -0.58955
-2 8 0.287903
-4.8 7.2 -0.368168
-4.4 7.2 -0.257194
-4 7.2 0.133566
-3.6 7.2 0.596841
-3.2 7.2 0.925358
-2.8 7.2 0.911846
-2.4 7.2 0.349034
-2 7.2 -0.970351
-3.2 7.6 0.0166914
-2.8 7.6 0.314026
-2.4 7.6 0.215985
-2 7.6 -0.484703
-1.6 7.2 0.362795
-1.2 7.2 1.01973
-1.6 7.6 0.545354
-1.2 7.6 1.00488
-0.8 7.6 1.01009
-0.4 7.6 0.677194
0 7.6 0.122405
-1.6 8 0.927598
-1.2 8 1.10244
-0.8 8 0.928649
-0.4 8 0.522431
0 8 0
0.4 8 -0.522431
0.8 8 -0.928649
1.2 8 -1.10244
1.6 8 -0.927598
2 8 -0.287903
-0.8 7.2 1.04588
-0.4 7.2 0.632148
0 7.2 -0.00614191
0.4 7.2 -0.653667
0.8 7.2 -1.0951
1.2 7.2 -1.11513
1.6 7.2 -0.498419
2 7.2 0.970351
0.8 7.6 -1.10211
1.2 7.6 -1.26321
1.6 7.6 -0.806048
2 7.6 0.484703
2.4 7.2 0.486765
2.8 7.2 -0.190944
2.4 7.6 0.746407
2.8 7.6 0.678953
3.2 7.6 0.379289
3.6 7.6 -0.0556373
4 7.6 -0.528879
2.8 8 1.00281
3.2 8 1.04883
3.6 8 0.824558
4 8 0.426935
4.8 8 -0.500569
5.2 8 -0.836554
5.6 8 -0.958098
6 8 -0.768255
3.2 7.2 -0.718937
3.6 7.2 -0.692219
4 7.2 -0.318061
4.4 7.2 0.196264
4.8 7.2 0.643485
5.2 7.2 0.81633
5.6 7.2 0.507527
6 7.2 -0.490195
4.8 7.6 -0.283646
5.2 7.6 0.37326
5.6 7.6 0.819957
6 7.6 0.849174
-4.4 4.4 -49.5051
6.4 7.2 -0.699699
6.8 7.2 -0.49544
6.4 7.6 0.360131
6.8 7.6 -0.0768427
7.2 7.6 -0.416209
7.6 7.6 -0.61243
8 7.6 -0.619966
8.4 7.6 -0.393278
6.4 8 0.0560345
6.8 8 0.570698
7.2 8 0.821273
7.6 8 0.8533
8 8 0.712318
8.4 8 0.443864
8.8 8 0.0934773
9.2 8 -0.293303
9.6 8 -0.670938
10 8 -0.993889
7.2 7.2 0.576071
7.6 7.2 0.954383
8 7.2 0.823215
8.4 7.2 0.366285
8.8 7.2 -0.232688
9.2 7.2 -0.789986
9.6 7.2 -1.12189
10 7.2 -1.04468
8.8 7.6 0.5748
9.2 7.6 0.950158
9.6 7.6 0.916513
10 7.6 0.657584
-10 -6.4 115583
-10 8.4 -0.672249
-9.6 8.4 -0.493306
-9.2 8.4 -0.358302
-8.8 8.4 -0.271794
-8.4 8.4 -0.238339
-10 8.8 1.11316
-9.6 8.8 0.939069
-9.2 8.8 0.76705
-8.8 8.8 0.592549
-8.4 8.8 0.411007
-8 8.8 0.217866
-7.6 8.8 0.00856805
-7.2 8.8 -0.221443
-6.8 8.8 -0.476727
-3.6 9.6 12.0379
-8 8.4 0.406543
-7.6 8.4 0.745898
-7.2 8.4 0.825265
-6.8 8.4 0.690182
-6.4 8.4 0.386188
-6 8.4 -0.0411772
-6.4 8.8 -0.411125
-6 8.8 -0.901894
-6 -6.4 -51572.4
-5.6 8.4 -0.335847
-5.2 8.4 -0.549872
-4.8 8.4 -0.683857
-5.6 8.8 -0.689722
-5.2 8.8 -0.466905
-4.8 8.8 -0.234045
-4.4 8.8 0.00825508
-4 8.8 0.259392
-3.6 8.8 0.518764
-3.2 8.8 0.785767
-2.8 8.8 1.0598
0.4 9.6 -16.7538
-4 8.4 -0.495662
-3.6 8.4 -0.371055
-3.2 8.4 -0.267637
-2.8 8.4 -0.0884586
-2.4 8.4 0.263427
-2 8.4 0.884966
-2.4 8.8 0.969905
-2 8.8 0.95513
-2 -6.4 751.914
-1.6 8.4 0.896468
-1.2 8.4 0.829713
-0.8 8.4 0.689413
-0.4 8.4 0.480281
-1.6 8.8 0.834073
-1.2 8.8 0.674364
-0.8 8.8 0.480717
-0.4 8.8 0.257842
0 8.8 0.0104529
0.4 8.8 -0.256739
0.8 8.8 -0.539023
1.2 8.8 -0.831685
4.4 9.6 8.68171
0 8.4 0.128676
0.4 8.4 -0.328254
0.8 8.4 -0.774295
1.2 8.4 -1.09324
1.6 8.4 -1.16886
2 8.4 -0.884966
1.6 8.8 -1.02051
2 8.8 -0.95513
2 -6.4 -751.914
2.4 8.4 -0.631616
2.8 8.4 -0.311489
3.2 8.4 0.0748103
3.6 8.4 0.52668
2.4 8.8 -0.963683
2.8 8.8 -0.930525
3.2 8.8 -0.85626
3.6 8.8 -0.741492
4 8.8 -0.586822
4.4 8.8 -0.392854
4.8 8.8 -0.160191
5.2 8.8 0.110564
4 8.4 1.01263
4.4 8.4 1.14257
4.8 8.4 1.01345
5.2 8.4 0.722208
5.6 8.4 0.365803
6 8.4 0.0411772
5.6 8.8 0.630143
6 8.8 0.901894
6 -6.4 51572.4
6.4 8.4 -0.0555422
6.8 8.4 -0.242807
7.2 8.4 -0.525175
7.6 8.4 -0.907205
6.4 8.8 0.919711
6.8 8.8 0.914934
7.2 8.8 0.883004
7.6 8.8 0.819364
8 8.8 0.719457
8.4 8.8 0.578724
8.8 8.8 0.392608
9.2 8.8 0.156552
8 8.4 -0.615365
8.4 8.4 -0.395682
8.8 8.4 -0.202618
9.2 8.4 0.00936579
9.6 8.4 0.285808
10 8.4 0.672249
9.6 8.8 -0.56096
10 8.8 -1.11316
-10 9.2 0.817152
-9.6 9.2 0.774786
-9.2 9.2 0.816719
-10 9.6 -0.396041
-9.6 9.6 -0.488338
-9.2 9.6 -0.564209
-8.8 9.6 -0.622404
-8.4 9.6 -0.661676
-8 9.6 -0.680776
-7.6 9.6 -0.678453
-10 10 0.506366
-9.6 10 0.702729
-9.2 10 0.847646
-8.8 10 0.942367
-8.4 10 0.98814
-8 10 0.986214
-7.6 10 0.937838
-7.2 10 0.844261
-6.8 10 0.706731
-6.4 10 0.526498
-6 10 0.304811
-4.8 10 -0.596492
-2.8 10 -2.8112
2.4 10 -11.7149
4.4 10 -15.9184
-8.8 9.2 0.81007
-8.4 9.2 0.819336
-8 9.2 0.839958
-7.6 9.2 0.86738
-7.2 9.2 0.897044
-6.8 9.2 0.924392
-6.4 9.2 0.944866
-6 9.2 0.953909
-7.2 9.6 -0.695082
-6.8 9.6 -0.714127
-6.4 9.6 -0.740147
-6 9.6 -0.777699
-5.6 9.2 0.840824
-5.2 9.2 0.69912
-5.6 9.6 -0.727967
-5.2 9.6 -0.690223
-4.8 9.6 -0.656923
-4.4 9.6 -0.620521
-4 9.6 -0.573471
-5.6 10 0.071602
-5.2 10 -0.156965
-4.4 10 -0.569991
-4 10 -0.73936
-3.6 10 -0.873905
-3.2 10 -0.966082
-2.4 10 -0.993147
-2 10 -0.912945
-4.8 9.2 0.70223
-4.4 9.2 0.696202
-4 9.2 0.680434
-3.6 9.2 0.654322
-3.2 9.2 0.617264
-2.8 9.2 0.568656
-2.4 9.2 0.507895
-2 9.2 0.434379
-3.2 9.6 -0.498207
-2.8 9.6 -0.466892
-2.4 9.6 -0.414887
-2 9.6 -0.342795
-1.6 9.2 0.33266
-1.2 9.2 0.234517
-1.6 9.6 -0.294984
-1.2 9.6 -0.222757
-0.8 9.6 -0.137428
-0.4 9.6 -0.0503119
0 9.6 0.0272793
-1.6 10 -0.798237
-1.2 10 -0.638275
-0.8 10 -0.444372
-0.4 10 -0.227843
0 10 0
0.4 10 0.227843
0.8 10 0.444372
1.2 10 0.638275
1.6 10 0.798237
2 10 0.912945
-0.8 9.2 0.167226
-0.4 9.2 0.0858481
0 9.2 -0.00490523
0.4 9.2 -0.100322
0.8 9.2 -0.195689
1.2 9.2 -0.286296
1.6 9.2 -0.36743
2 9.2 -0.434379
0.8 9.6 0.150859
1.2 9.6 0.21312
1.6 9.6 0.275529
2 9.6 0.342795
2.4 9.2 -0.607595
2.8 9.2 -0.748133
2.4 9.6 0.426723
2.8 9.6 0.494487
3.2 9.6 0.553633
3.6 9.6 0.611705
4 9.6 0.676249
2.8 10 1.00834
3.2 10 0.966082
3.6 10 0.873905
4 10 0.73936
4.8 10 0.373344
5.2 10 0.156965
5.6 10 -0.071602
6 10 -0.304811
3.2 9.2 -0.814598
3.6 9.2 -0.868216
4 9.2 -0.90959
4.4 9.2 -0.939324
4.8 9.2 -0.958019
5.2 9.2 -0.96628
5.6 9.2 -0.964709
6 9.2 -0.953909
4.8 9.6 0.790857
5.2 9.6 0.807088
5.6 9.6 0.802903
6 9.6 0.777699
6.4 9.2 -0.948071
6.8 9.2 -1.02908
6.4 9.6 0.809884
6.8 9.6 0.819372
7.2 9.6 0.807414
7.6 9.6 0.775257
8 9.6 0.724151
6.4 10 -0.526498
6.8 10 -0.706731
7.2 10 -0.844261
7.6 10 -0.937838
8 10 -0.986214
8.4 10 -0.98814
8.8 10 -0.942367
9.2 10 -0.847646
9.6 10 -0.702729
10 10 -0.506366
7.2 9.2 -1.01095
7.6 9.2 -0.981314
8 9.2 -0.944733
8.4 9.2 -0.905763
8.8 9.2 -0.868963
9.2 9.2 -0.838889
9.6 9.2 -0.820099
10 9.2 -0.817152
8.8 9.6 0.577451
9.2 9.6 0.511307
9.6 9.6 0.452357
10 9.6 0.396041
-10 0 0
-10 0.4 0.0664254
-9.6 0.4 0.116016
-9.2 0.4 0.109907
-10 0.8 -0.310167
-9.6 0.8 -0.168437
-9.2 0.8 -0.060399
-8.8 0.8 0.0690963
-8.4 0.8 0.275198
-7.6 1.2 -3.88163
-9.6 0 0
-9.2 0 0
-8.8 0 0
-8.4 0 0
-8 0 0
-8.8 0.4 0.00537773
-8.4 0.4 -0.0938396
-8 0.4 -0.187745
-8 0.8 0.729914
-7.6 0.4 -0.171297
-7.2 0.4 -0.355366
-7.6 0.8 0.834052
-7.2 0.8 0.980789
-6.8 0.8 1.12449
-6.4 0.8 1.21953
-5.6 1.2 -3.11982
-7.6 0 0
-7.2 0 0
-6.8 0 0
-6.4 0 0
-6 0 0
-6.8 0.4 -0.464174
-6.4 0.4 -0.556087
-6 0.4 -0.631105
-6 0.8 1.08732
-5.6 0.4 -0.784286
-5.2 0.4 -0.876359
-5.6 0.8 1.02121
-5.2 0.8 0.899507
-4.8 0.8 0.705045
-4.4 0.8 0.420656
-3.6 1.2 0.283441
-5.6 0 0
-5.2 0 0
-4.8 0 0
-4.4 0 0
-4 0 0
-4.8 0.4 -0.926397
-4.4 0.4 -0.955192
-4 0.4 -0.962743
-4 0.8 -0.0114889
-3.6 0.4 -1.00151
-3.2 0.4 -0.956602
-3.6 0.8 -0.274068
-3.2 0.8 -0.554972
-2.8 0.8 -0.794278
-2.4 0.8 -0.932064
-1.6 1.2 -1.07016
-0.8 1.6 -2.51467
-3.6 0 0
-3.2 0 0
-2.8 0 0
-2.4 0 0
-2 0 0
-2.8 0.4 -0.8926
-2.4 0.4 -0.812104
-2 0.4 -0.715113
-2 0.8 -1.00531
-1.6 0.4 -0.589575
-1.2 0.4 -0.464353
-1.6 0.8 -0.970148
-1.2 0.8 -0.82067
-0.8 0.8 -0.589575
-0.4 0.8 -0.309569
0.4 1.2 0.464353
1.2 1.6 1.85741
-1.6 0 0
-1.2 0 0
-0.8 0 0
-0.4 0 0
0 0 0
-0.8 0.4 -0.314251
-0.4 0.4 -0.159467
0 0.4 0
0 0.8 0
-10 1.2 -0.86448
-9.6 1.2 0.535091
-10 1.6 0.583658
-9.6 1.6 -0.0699943
-9.2 1.6 -0.450776
-8.8 1.6 -0.828488
-10 2 -0.912945
-9.6 2 -0.292622
-9.2 2 0.407424
-8.8 2 0.917393
-8.4 2 0.967486
-8 2 0.287903
-2.8 2 -197.706
4.4 2 -1854.72
-9.2 1.2 0.832944
-8.8 1.2 0.964335
-8.4 1.2 0.984414
-8 1.2 0.948331
-8.4 1.6 -0.375897
-8 1.6 -0.377313
-7.6 1.6 0.299996
-7.2 1.6 0.75733
-6.8 1.6 0.938818
-7.6 2 -0.575568
-7.2 2 -0.926567
-6.8 2 -0.820963
-6.4 2 -0.314627
-6 2 0.536573
-7.2 1.2 -0.564777
-6.8 1.2 -0.834916
-6.4 1.2 -0.985217
-6 1.2 -1.06131
-6.4 1.6 0.496178
-6 1.6 0.221636
-5.6 1.6 -0.414965
-5.2 1.6 -0.930468
-4.8 1.6 -0.982035
-5.6 2 1.04505
-5.2 2 0.803865
-4.8 2 0.155842
-4.4 2 -0.556178
-4 2 -0.989358
-5.2 1.2 0.0142
-4.8 1.2 0.428035
-4.4 1.2 0.776262
-4 1.2 1.04171
-4.4 1.6 -0.594456
-4 1.6 -0.124316
-3.6 1.6 0.474223
-3.2 1.6 0.973407
-2.8 1.6 0.980918
-3.6 2 -0.790619
-3.2 2 -0.124316
-2.4 2 1.04171
-2 2 0.756802
-3.2 1.2 0.624377
-2.8 1.2 0.226595
-2.4 1.2 -0.22721
-2 1.2 -0.677116
-2.4 1.6 0.624377
-2 1.6 0.0586508
-1.6 1.6 -0.554972
-1.2 1.6 -0.950067
-1.6 2 -0.0114889
-1.2 2 -0.641349
-0.8 2 -0.962743
-0.4 2 -0.805638
0 2 0
-1.2 1.2 -0.974954
-0.8 1.2 -0.812104
-0.4 1.2 -0.476218
0 1.2 0
-0.4 1.6 -0.615273
0 1.6 0
-10 -4.4 -11503.2
-10 2.4 0.637872
-9.6 2.4 0.731445
-9.2 2.4 0.0263043
-10 2.8 -1.11763
-9.6 2.8 -0.535348
-9.2 2.8 -0.168838
-8.8 2.8 0.282682
-8.4 2.8 1.11999
-7.6 3.2 -0.253241
-8.8 2.4 -0.93252
-8.4 2.4 -0.857262
-8 2.4 -0.0177211
-8 2.8 -0.449687
-8 -4.4 -4238.56
-7.6 2.4 0.170536
-7.2 2.4 1.0037
-7.6 2.8 -0.642304
-7.2 2.8 -0.876607
-6.8 2.8 -0.588663
-6.4 2.8 0.785459
-5.6 3.2 0.992897
-6.8 2.4 0.335218
-6.4 2.4 -0.261885
-6 2.4 -0.843485
-6 2.8 0.773771
-6 -4.4 5536.2
-5.6 2.4 -1.01257
-5.2 2.4 0.0884284
-5.6 2.8 0.0375683
-5.2 2.8 -0.8186
-4.8 2.8 -1.01257
-4.4 2.8 0.23781
-3.6 3.2 0.984717
-4.8 2.4 0.966951
-4 2.4 0.155842
-4 2.8 1.04505
-4 -4.4 2183.91
-9.6 -0.8 -56.9939
-3.6 2.4 -0.72115
-3.2 2.4 -0.982035
-3.6 2.8 0.605722
-3.2 2.8 -0.414965
-2.8 2.8 -1.07893
-2.4 2.8 -0.448073
-1.6 3.2 1.45419
-0.8 3.6 5.5664
-2.8 2.4 -0.361252
-2.4 2.4 0.428035
-2 2.4 0.993508
-2 2.8 0.637107
-2 -4.4 -195.777
-7.6 -0.8 -284.718
-1.6 2.4 0.705045
-1.2 2.4 -0.274048
-1.6 2.8 1.02121
-1.2 2.8 0.207652
-0.8 2.8 -0.784286
-0.4 2.8 -0.935327
0.4 3.2 2.38057
1.2 3.6 13.2813
-0.8 2.4 -0.926397
-0.4 2.4 -0.891726
0 2.4 0
0 2.8 0
-10 3.2 -1.01572
-9.6 3.2 0.594911
-10 3.6 0.542786
-9.6 3.6 -0.252104
-9.2 3.6 -0.582769
-8.8 3.6 -0.246185
-10 4 -0.745113
-9.6 4 0.13138
-9.2 4 0.385973
-8.8 4 0.221686
-8.4 4 -0.158454
-8 4 -0.551427
-2.8 4 85.5479
4.4 4 1088.6
-8.8 3.2 0.132969
-8.4 3.2 -0.532443
-8 3.2 -1.08644
-8.4 3.6 0.955297
-8 3.6 0.534929
-7.2 3.6 -1.15009
-6.8 3.6 0.613594
-7.6 4 1.09384
-7.2 4 0.534929
-6.8 4 -0.700912
-6.4 4 -1.08644
-6 4 0.905578
-7.2 3.2 0.601029
-6.8 3.2 -0.0473542
-6.4 3.2 -0.670296
-6 3.2 -0.703864
-6.4 3.6 0.601029
-6 3.6 -0.257048
-5.6 3.6 -0.876607
-5.2 3.6 -0.240542
-4.8 3.6 1.0037
-5.6 4 -0.449687
-5.2 4 -0.541637
-4.8 4 -0.0177211
-4.4 4 0.474609
-4 4 0.287903
-4.8 3.2 -0.261885
-4.4 3.2 -0.803662
-4 3.2 -0.314627
-4.4 3.6 0.023836
-4 3.6 -0.926567
-3.2 3.6 0.75733
-2.8 3.6 0.543576
-3.6 4 -0.962979
-3.2 4 -0.377313
-2.4 4 0.948331
-2 4 -0.989358
-3.2 3.2 0.496178
-2.8 3.2 -0.46709
-2.4 3.2 -0.985217
-2 3.2 -0.12012
-2.4 3.6 -0.564777
-2 3.6 -0.791786
-1.6 3.6 0.980789
-1.2 3.6 0.780578
-1.6 4 0.729914
-1.2 4 0.651435
-0.8 4 -0.187745
-0.4 4 -0.750574
0 4 0
-1.2 3.2 0.549897
-0.8 3.2 -0.556087
-0.4 3.2 -1.07915
0 3.2 0
-0.4 3.6 -0.974327
0 3.6 0
-10 -2.4 -6171.25
-10 4.4 0.454183
-9.6 4.4 0.538284
-9.2 4.4 -0.35724
-10 4.8 -0.602
-9.6 4.8 -0.414759
-9.2 4.8 0.263772
-8.8 4.8 0.538284
-8.4 4.8 -0.486531
-8.8 4.4 0.0493881
-8.4 4.4 0.174689
-8 4.4 0.221686
-8 4.8 0.13138
-8 -2.4 1194.99
-7.6 4.4 -0.415206
-7.2 4.4 -0.246185
-7.6 4.8 0.555909
-7.2 4.8 -0.252104
-6.8 4.8 -0.752492
-6.4 4.8 0.594911
-6.8 4.4 0.824139
-6.4 4.4 0.132969
-6 4.4 -0.792451
-6 4.8 0.218575
-6 -2.4 2360
-5.6 4.4 0.282682
-5.2 4.4 0.71768
-5.6 4.8 -0.535348
-5.2 4.8 0.198712
-4.8 4.8 0.731445
-4.4 4.8 -0.626461
-4.8 4.4 -0.93252
-4 4.4 0.917393
-4 4.8 -0.292622
-4 -2.4 -2021.21
-3.6 4.4 -0.187785
-3.2 4.4 -0.828488
-3.6 4.8 0.418254
-3.2 4.8 -0.0699943
-2.8 4.8 -0.462629
-2.4 4.8 0.535091
-2.8 4.4 0.436457
-2.4 4.4 0.964335
-2 4.4 -0.583688
-2 4.8 0.172424
-2 -2.4 400.197
-1.6 4.4 0.0690963
-1.2 4.4 0.459224
-1.6 4.8 -0.168437
-1.2 4.8 -0.0260907
-0.8 4.8 0.116016
-0.4 4.8 -0.225564
-0.8 4.4 0.00537773
-0.4 4.4 -0.493381
0 4.4 0
0 4.8 0
5.2 0.4 0.792482
5.2 0.8 -0.781758
5.6 0.8 -0.901045
5.2 0 0
5.6 0 0
6 0 0
5.6 0.4 0.699541
6 0.4 0.631105
6 0.8 -1.08732
6.4 0.4 0.511604
6.4 0.8 -1.0916
6.8 0.8 -1.07184
10 4 1180.42
6.4 0 0
6.8 0 0
6.8 0.4 0.433404
7.2 0.4 0.325625
7.2 0.8 -1.01914
7.6 0.8 -0.928497
7.2 0 0
7.6 0 0
8 0 0
7.6 0.4 0.281529
8 0.4 0.187745
8 0.8 -0.729914
8.4 0.4 0.18968
8.4 0.8 -0.603225
8.8 0.8 -0.498205
8.4 0 0
8.8 0 0
8.8 0.4 0.0968163
9.2 0.4 0.063608
9.2 0.8 -0.163482
9.6 0.8 -0.0407557
9.2 0 0
9.6 0 0
10 0 0
9.6 0.4 0.0297103
10 0.4 -0.0664254
10 0.8 0.310167
2 -2 -570.547
3.6 -0.4 -95.5809
5.2 1.2 0.503239
5.2 1.6 0.764443
5.6 1.6 0.198541
5.2 2 -0.834148
5.6 2 -0.976441
6 2 -0.536573
5.6 1.2 0.840445
6 1.2 1.06131
6 1.6 -0.221636
6.4 1.6 -0.672807
6.4 2 0.23046
6.8 2 0.862514
6.4 1.2 1.00061
6.8 1.2 0.710288
6.8 1.6 -0.69267
4 -2 510.707
5.6 -0.4 80.8217
7.2 1.2 -0.27787
7.2 1.6 -0.505639
7.6 1.6 0.0994198
7.2 2 0.970351
7.6 2 0.484703
8 2 -0.287903
7.6 1.2 -0.643837
8 1.2 -0.948331
8 1.6 0.377313
8.4 1.6 0.685866
8.4 2 -0.884966
8.8 2 -0.95513
8.4 1.2 -1.02388
8.8 1.2 -0.819463
8.8 1.6 0.475263
6 -2 -199.576
7.6 -0.4 -24.1032
9.2 1.2 0.133829
9.2 1.6 0.177178
9.6 1.6 -0.422241
9.2 2 -0.434379
9.6 2 0.342795
10 2 0.912945
9.6 1.2 0.52341
10 1.2 0.86448
10 1.6 -0.583658
5.2 2.4 0.093927
5.2 2.8 1.06245
5.6 2.8 0.610014
5.6 2.4 0.506056
6 2.4 0.843485
6 2.8 -0.773771
6 -4.4 -5536.2
6.4 2.4 0.502019
6.4 2.8 -1.02095
6.8 2.8 -0.958613
6.8 2.4 -0.210959
7.2 2.4 -0.424913
7.2 2.8 0.61087
7.6 2.8 0.902648
7.6 2.4 -0.645322
8 2.4 0.0177211
8 2.8 0.449687
8 -4.4 4238.56
8.4 2.4 0.272997
8.4 2.8 -0.200171
8.8 2.8 -0.870579
8.8 2.4 0.714935
9.2 2.4 0.42475
9.2 2.8 -0.669832
9.6 2.8 -0.22378
9.6 2.4 -0.106192
10 2.4 -0.637872
10 2.8 1.11763
-6.8 -8.8 58436.3
2 0 1319.92
3.6 1.6 201.563
5.2 3.2 -1.05992
5.2 3.6 0.206833
5.6 3.6 0.642395
5.2 4 0.950155
5.6 4 -0.393947
6 4 -0.905578
5.6 3.2 -0.324527
6 3.2 0.703864
6 3.6 0.257048
6.4 3.6 -0.720186
6.4 4 0.422804
6.8 4 0.959902
6.4 3.2 0.320877
6.8 3.2 -0.393877
6.8 3.6 -0.243805
-4.8 -8.8 23028.1
4 0 558.151
7.2 3.2 -0.468813
7.2 3.6 0.743837
7.6 3.6 -0.0500504
7.2 4 -0.591122
7.6 4 -0.811928
8 4 0.551427
7.6 3.2 0.392843
8 3.2 1.08644
8 3.6 -0.534929
8.4 3.6 -0.389591
8.4 4 0.794357
8.8 4 -0.571953
8.4 3.2 -0.425553
8.8 3.2 -0.870378
8.8 3.6 0.326847
-2.8 -8.8 -9200.22
9.2 3.2 0.176675
9.2 3.6 0.274543
9.6 3.6 -0.800909
9.2 4 -0.778138
9.6 4 0.630218
9.6 3.2 0.89112
10 3.2 1.01572
10 3.6 -0.542786
5.2 4.4 -0.580241
5.2 4.8 -0.20428
5.6 4.8 0.352529
5.6 4.4 -0.466425
6 4.4 0.792451
6 4.8 -0.218575
6 -2.4 -2360
6.4 4.4 0.629853
6.4 4.8 -0.880419
6.8 4.8 -0.661646
6.8 4.4 -0.618948
7.2 4.4 0.00635291
7.2 4.8 0.434749
7.6 4.8 0.123131
7.6 4.4 0.77949
8 4.4 -0.221686
8 4.8 -0.13138
8 -2.4 -1194.99
8.4 4.4 -0.8342
8.4 4.8 0.750652
8.8 4.8 0.898498
8.8 4.4 -0.0529224
9.2 4.4 0.433741
9.2 4.8 -0.683515
9.6 4.8 -0.459249
9.6 4.4 -0.506594
10 4.4 -0.454183
10 4.8 0.602
-10 -10 -0.506366
-10 -9.6 -0.690302
-9.6 -9.6 -0.995544
-9.2 -9.6 -1.06497
-10 -9.2 -0.836381
-9.6 -9.2 -0.973384
-9.2 -9.2 -0.919855
-8.8 -9.2 -0.721334
-8.4 -9.2 -0.423359
-10 -8.8 -0.939244
-9.6 -8.8 -0.915468
-9.2 -8.8 -0.746443
-8.8 -8.8 -0.477708
-8.4 -8.8 -0.154802
-8 -8.8 0.176737
-7.6 -8.8 0.47137
-9.6 -8.4 -0.816439
-9.2 -8.4 -0.539379
-8.8 -8.4 -0.207891
-8.4 -8.4 0.132486
-8 -8.4 0.436213
-7.6 -8.4 0.657751
-7.2 -8.4 0.751562
-6.8 -8.4 0.672107
-10 -8 -0.993889
-9.6 -8 -0.670938
-9.2 -8 -0.293303
-8.8 -8 0.0934773
-8.4 -8 0.443864
-8 -8 0.712318
-7.6 -8 0.8533
-7.2 -8 0.821273
-6.8 -8 0.570698
-6.4 -8 0.0560345
-6 -8 -0.768255
-4.8 -8 -5.55427
-2.8 -8 -23.9738
2.4 -8 -170.251
4.4 -8 -280.063
0.4 -4.8 -185.024
-9.6 -10 -0.702729
-9.2 -10 -0.847646
-8.8 -10 -0.942367
-8.4 -10 -0.98814
-8 -10 -0.986214
-7.6 -10 -0.937838
-7.2 -10 -0.844261
-6.8 -10 -0.706731
-6.4 -10 -0.526498
-6 -10 -0.304811
-8.8 -9.6 -1.11814
-8.4 -9.6 -1.14849
-8 -9.6 -1.15726
-7.6 -9.6 -1.1457
-7.2 -9.6 -1.11506
-6.8 -9.6 -1.0666
-6.4 -9.6 -1.00155
-6 -9.6 -0.921172
-8 -9.2 -0.367196
-7.6 -9.2 -0.316828
-7.2 -9.2 -0.273505
-6.8 -9.2 -0.238476
-6.4 -9.2 -0.212989
-6 -9.2 -0.198293
-7.2 -8.8 0.603007
-6.4 -8.8 0.761781
-6 -8.8 0.786421
-6.4 -8.4 0.845357
-6 -2.8 -685.657
-5.6 -9.6 -0.64276
-5.2 -9.6 -0.335559
-5.6 -9.2 -0.31551
-5.2 -9.2 -0.333288
-4.8 -9.2 -0.348574
-4.4 -9.2 -0.458316
-5.6 -8.8 0.459286
-5.2 -8.8 0.302239
-4.4 -8.8 0.110622
-4 -8.8 -0.117843
-3.6 -8.8 -0.564009
-5.6 -8.4 0.604224
-5.2 -8.4 0.493618
-4.8 -8.4 0.526803
-4.4 -8.4 0.606832
-4 -8.4 0.636756
-3.6 -8.4 0.519631
-3.2 -8.4 0.158507
-2.8 -8.4 -0.543562
-5.6 -8 -0.958098
-5.2 -8 -0.836554
-4.4 -8 -0.0470901
-4 -8 0.426935
-3.6 -8 0.824558
-3.2 -8 1.04883
-2.4 -8 0.58955
-2 -8 -0.287903
4.4 -4.8 23.3139
-5.6 -10 -0.071602
-5.2 -10 0.156965
-4.8 -10 0.373344
-4.4 -10 0.569991
-4 -10 0.73936
-3.6 -10 0.873905
-3.2 -10 0.966082
-2.8 -10 1.00834
-2.4 -10 0.993147
-2 -10 0.912945
-4.8 -9.6 -0.235535
-4.4 -9.6 -0.126563
-4 -9.6 -0.016189
-3.6 -9.6 0.0880414
-3.2 -9.6 0.178583
-2.8 -9.6 0.247891
-2.4 -9.6 0.288419
-2 -9.6 0.292622
-4 -9.2 -0.481025
-3.6 -9.2 -0.481196
-3.2 -9.2 -0.466377
-2.8 -9.2 -0.444111
-2.4 -9.2 -0.421945
-2 -9.2 -0.407424
-3.2 -8.8 -0.698998
-2.4 -8.8 -0.868145
-2 -8.8 -0.917393
-2.4 -8.4 -0.780382
-2 -2.8 197.706
-1.6 -9.6 0.107166
-1.2 -9.6 0.0197703
-1.6 -9.2 -0.474265
-1.2 -9.2 -0.351349
-0.8 -9.2 -0.154888
-0.4 -9.2 -0.00109433
-1.6 -8.8 -1.0204
-1.2 -8.8 -0.841957
-0.8 -8.8 -0.498269
-0.4 -8.8 -0.105551
0 -8.8 0.219984
0.4 -8.8 0.362124
-1.6 -8.4 -1.26145
-1.2 -8.4 -1.18225
-0.8 -8.4 -0.846123
-0.4 -8.4 -0.369263
0 -8.4 0.132111
0.4 -8.4 0.541788
0.8 -8.4 0.743555
1.2 -8.4 0.621199
-1.6 -8 -0.927598
-1.2 -8 -1.10244
-0.8 -8 -0.928649
-0.4 -8 -0.522431
0 -8 0
0.4 -8 0.522431
0.8 -8 0.928649
1.2 -8 1.10244
1.6 -8 0.927598
2 -8 0.287903
-1.6 -10 0.798237
-1.2 -10 0.638275
-0.8 -10 0.444372
-0.4 -10 0.227843
0 -10 0
0.4 -10 -0.227843
0.8 -10 -0.444372
1.2 -10 -0.638275
1.6 -10 -0.798237
2 -10 -0.912945
-0.8 -9.6 0.0204894
-0.4 -9.6 -0.0127808
0 -9.6 -0.0687268
0.4 -9.6 -0.136035
0.8 -9.6 -0.203392
1.2 -9.6 -0.259485
1.6 -9.6 -0.292999
2 -9.6 -0.292622
0 -9.2 0.086092
0.4 -9.2 0.150554
0.8 -9.2 0.203604
1.2 -9.2 0.256557
1.6 -9.2 0.320726
2 -9.2 0.407424
0.8 -8.8 0.506818
1.2 -8.8 0.640052
1.6 -8.8 0.773139
2 -8.8 0.917393
1.6 -8.4 0.79444
2 -2.8 -197.706
2 4.4 -1854.72
2.4 -9.6 0.09166
2.8 -9.6 0.2522
2.4 -9.2 0.528946
2.8 -9.2 0.598708
3.2 -9.2 0.519765
3.6 -9.2 0.195169
2.4 -8.8 0.741039
2.8 -8.8 0.684909
3.2 -8.8 0.652055
3.6 -8.8 0.545532
4 -8.8 0.268391
4.4 -8.8 -0.276316
2.4 -8.4 0.45814
2.8 -8.4 0.241001
3.2 -8.4 0.219122
3.6 -8.4 0.295556
4 -8.4 0.373355
4.4 -8.4 0.355572
4.8 -8.4 0.14526
5.2 -8.4 -0.354528
2.8 -8 -1.00281
3.2 -8 -1.04883
3.6 -8 -0.824558
4 -8 -0.426935
4.8 -8 0.500569
5.2 -8 0.836554
5.6 -8 0.958098
6 -8 0.768255
2.4 -10 -0.993147
2.8 -10 -1.00834
3.2 -10 -0.966082
3.6 -10 -0.873905
4 -10 -0.73936
4.4 -10 -0.569991
4.8 -10 -0.373344
5.2 -10 -0.156965
5.6 -10 0.071602
6 -10 0.304811
3.2 -9.6 0.261822
3.6 -9.6 0.307677
4 -9.6 0.38222
4.4 -9.6 0.477906
4.8 -9.6 0.58719
5.2 -9.6 0.702526
5.6 -9.6 0.816368
6 -9.6 0.921172
4 -9.2 0.202185
4.4 -9.2 0.216663
4.8 -9.2 0.231059
5.2 -9.2 0.237826
5.6 -9.2 0.229419
6 -9.2 0.198293
4.8 -8.8 -0.364333
5.2 -8.8 -0.47366
5.6 -8.8 -0.611841
6 -8.8 -0.786421
5.6 -8.4 -0.630008
6 -2.8 685.657
6.4 -9.6 0.817161
6.8 -9.6 0.668801
6.4 -9.2 0.265958
6.8 -9.2 0.377767
7.2 -9.2 0.488183
7.6 -9.2 0.551666
6.4 -8.8 -0.781578
6.8 -8.8 -0.644096
7.2 -8.8 -0.419514
7.6 -8.8 -0.153371
8 -8.8 0.108795
8.4 -8.8 0.321444
6.4 -8.4 -1.24804
6.8 -8.4 -1.31939
7.2 -8.4 -1.21513
7.6 -8.4 -0.980828
8 -8.4 -0.662005
8.4 -8.4 -0.304205
8.8 -8.4 0.0470334
9.2 -8.4 0.346172
6.4 -8 -0.0560345
6.8 -8 -0.570698
7.2 -8 -0.821273
7.6 -8 -0.8533
8 -8 -0.712318
8.4 -8 -0.443864
8.8 -8 -0.0934773
9.2 -8 0.293303
9.6 -8 0.670938
10 -8 0.993889
6.4 -10 0.526498
6.8 -10 0.706731
7.2 -10 0.844261
7.6 -10 0.937838
8 -10 0.986214
8.4 -10 0.98814
8.8 -10 0.942367
9.2 -10 0.847646
9.6 -10 0.702729
10 -10 0.506366
7.2 -9.6 0.734146
7.6 -9.6 0.784087
8 -9.6 0.817374
8.4 -9.6 0.83276
8.8 -9.6 0.828994
9.2 -9.6 0.804828
9.6 -9.6 0.759014
10 -9.6 0.690302
8 -9.2 0.576667
8.4 -9.2 0.612314
8.8 -9.2 0.657357
9.2 -9.2 0.710549
9.6 -9.2 0.770639
10 -9.2 0.836381
8.8 -8.8 0.422099
9.2 -8.8 0.559449
9.6 -8.8 0.732247
10 -8.8 0.939244
9.6 -8.4 0.638479
10 -8.4 0.993533
10 -2.8 -6.34748
-10 -7.6 -0.943105
-9.6 -7.6 0.170404
-9.2 -7.6 0.671876
-10 -7.2 -0.841232
-9.6 -7.2 0.236316
-9.2 -7.2 0.769016
-8.8 -7.2 0.816803
-8.4 -7.2 0.439613
-10 -6.8 -0.695842
-9.6 -6.8 0.310274
-9.2 -6.8 0.838733
-8.8 -6.8 0.949467
-8.4 -6.8 0.702414
-8 -6.8 0.157506
-7.6 -6.8 -0.625321
-9.6 -6.4 0.384706
-9.2 -6.4 0.873454
-8.8 -6.4 1.01167
-8.4 -6.4 0.85928
-8 -6.4 0.476227
-7.6 -6.4 -0.0775549
-7.2 -6.4 -0.742133
-6.8 -6.4 -1.45757
-10 -6 -0.304811
-9.6 -6 0.452038
-9.2 -6 0.865605
-8.8 -6 0.995827
-8.4 -6 0.902638
-8 -6 0.645972
-7.6 -6 0.285765
-7.2 -6 -0.118048
-6.8 -6 -0.505533
-6.4 -6 -0.816755
-6 -6 -0.991779
-4.8 -6 -0.100314
-2.8 -6 9.70334
2.4 -6 132.939
4.4 -6 238.61
0.4 -2.8 177.307
-8.8 -7.6 0.288486
-8.4 -7.6 0.066561
-8 -7.6 -0.0394369
-7.6 -7.6 -0.0750466
-7.2 -7.6 -0.0858068
-6.8 -7.6 -0.117256
-6.4 -7.6 -0.214934
-6 -7.6 -0.424378
-8 -7.2 -0.11167
-7.6 -7.2 -0.394706
-7.2 -7.2 -0.455033
-6.8 -7.2 -0.33819
-6.4 -7.2 -0.0897152
-6 -7.2 0.244852
-7.2 -6.8 -0.806049
-6.8 -6.8 -0.611747
-6.4 -6.8 -0.0879539
-6 -6.8 0.719791
-6.4 -6.4 -0.729294
-5.6 -7.6 -0.320435
-5.2 -7.6 0.195503
-5.6 -7.2 -0.181725
-5.2 -7.2 -0.290104
-4.8 -7.2 -0.119998
-4.4 -7.2 0.288877
-5.6 -6.8 0.158459
-5.2 -6.8 -0.178471
-4.8 -6.8 -0.330713
-4.4 -6.8 -0.337983
-4 -6.8 -0.239994
-3.6 -6.8 -0.0764613
-5.6 -6.4 0.180474
-5.2 -6.4 0.0107576
-4.8 -6.4 -0.0680671
-4.4 -6.4 -0.0957154
-4 -6.4 -0.111902
-3.6 -6.4 -0.156341
-3.2 -6.4 -0.268747
-2.8 -6.4 -0.488836
-5.6 -6 -0.635325
-5.2 -6 -0.242062
-4.4 -6 0.496034
-4 -6 0.761438
-3.6 -6 0.904793
-3.2 -6 0.886384
-2.4 -6 0.205415
-2 -6 -0.536573
4.4 -2.8 61.6094
-4.8 -7.6 -0.454765
-4.4 -7.6 -0.711775
-4 -7.6 -0.672472
-3.6 -7.6 -0.433805
-3.2 -7.6 -0.0927196
-2.8 -7.6 0.253836
-2.4 -7.6 0.508914
-2 -7.6 0.575568
-4 -7.2 -0.469511
-3.6 -7.2 -0.752768
-3.2 -7.2 -0.657841
-2.8 -7.2 -0.281678
-2.4 -7.2 0.278774
-2 -7.2 0.926567
-3.2 -6.8 -0.590661
-2.8 -6.8 -0.547858
-2.4 -6.8 -0.0450012
-2 -6.8 0.820963
-2.4 -6.4 -0.406541
-1.6 -7.6 -0.751854
-1.2 -7.6 -1.30451
-1.6 -7.2 -0.384915
-1.2 -7.2 -1.02169
-0.8 -7.2 -1.07739
-0.4 -7.2 -0.645636
-1.6 -6.8 -0.339709
-1.2 -6.8 -0.925741
-0.8 -6.8 -1.03076
-0.4 -6.8 -0.748396
0 -6.8 -0.172272
0.4 -6.8 0.603983
-1.6 -6.4 -0.560367
-1.2 -6.4 -0.960788
-0.8 -6.4 -0.980261
-0.4 -6.4 -0.712415
0 -6.4 -0.250876
0.4 -6.4 0.310729
0.8 -6.4 0.878772
1.2 -6.4 1.35963
-1.6 -6 -0.991021
-1.2 -6 -1.07096
-0.8 -6 -0.870019
-0.4 -6 -0.481823
0 -6 0
0.4 -6 0.481823
0.8 -6 0.870019
1.2 -6 1.07096
1.6 -6 0.991021
2 -6 0.536573
-0.8 -7.6 -0.898823
-0.4 -7.6 -0.350591
0 -7.6 0.223978
0.4 -7.6 0.708671
0.8 -7.6 0.987275
1.2 -7.6 0.943579
1.6 -7.6 0.461369
2 -7.6 -0.575568
0 -7.2 0.144297
0.4 -7.2 0.754478
0.8 -7.2 1.06869
1.2 -7.2 0.970735
1.6 -7.2 0.344385
2 -7.2 -0.926567
0.8 -6.8 1.11704
1.2 -6.8 1.12804
1.6 -6.8 0.520777
2 -6.8 -0.820963
1.6 -6.4 0.934677
2.4 -7.6 0.226604
2.8 -7.6 0.673901
2.4 -7.2 -0.219291
2.8 -7.2 0.292055
3.2 -7.2 0.567757
3.6 -7.2 0.568101
2.4 -6.8 -0.40268
2.8 -6.8 -0.0213801
3.2 -6.8 0.283222
3.6 -6.8 0.47141
4 -6.8 0.503472
4.4 -6.8 0.339691
2.4 -6.4 -0.379431
2.8 -6.4 -0.322274
3.2 -6.4 -0.182869
3.6 -6.4 -0.000931071
4 -6.4 0.183825
4.4 -6.4 0.331684
4.8 -6.4 0.402932
5.2 -6.4 0.357855
2.8 -6 -0.666496
3.2 -6 -0.886384
3.6 -6 -0.904793
4 -6 -0.761438
4.8 -6 -0.148296
5.2 -6 0.242062
5.6 -6 0.635325
6 -6 0.991779
3.2 -7.6 -0.0446588
3.6 -7.6 -0.372933
4 -7.6 -0.407868
4.4 -7.6 -0.246412
4.8 -7.6 0.0144876
5.2 -7.6 0.277884
5.6 -7.6 0.44683
6 -7.6 0.424378
4 -7.2 -0.0351864
4.4 -7.2 -0.322093
4.8 -7.2 -0.389566
5.2 -7.2 -0.334552
5.6 -7.2 -0.253998
6 -7.2 -0.244852
4.8 -6.8 -0.191947
5.2 -6.8 -0.481109
5.6 -6.8 -0.624741
6 -6.8 -0.719791
5.6 -6.4 -0.145756
6.4 -7.6 1.09168
6.8 -7.6 0.825678
6.4 -7.2 0.873172
6.8 -7.2 1.25717
7.2 -7.2 0.967092
7.6 -7.2 0.0628583
6.4 -6.8 0.408088
6.8 -6.8 1.00122
7.2 -6.8 1.11954
7.6 -6.8 0.822985
8 -6.8 0.171487
8.4 -6.8 -0.775018
6.4 -6.4 0.216068
6.8 -6.4 0.577458
7.2 -6.4 0.663312
7.6 -6.4 0.533563
8 -6.4 0.248146
8.4 -6.4 -0.133004
8.8 -6.4 -0.549952
9.2 -6.4 -0.942763
6.4 -6 0.816755
6.8 -6 0.505533
7.2 -6 0.118048
7.6 -6 -0.285765
8 -6 -0.645972
8.4 -6 -0.902638
8.8 -6 -0.995827
9.2 -6 -0.865605
9.6 -6 -0.452038
10 -6 0.304811
7.2 -7.6 0.0173489
7.6 -7.6 -0.464758
8 -7.6 -0.666181
8.4 -7.6 -0.632459
8.8 -7.6 -0.40913
9.2 -7.6 -0.0417343
9.6 -7.6 0.42419
10 -7.6 0.943105
8 -7.2 -0.512664
8.4 -7.2 -0.745368
8.8 -7.2 -0.680791
9.2 -7.2 -0.364473
9.6 -7.2 0.158047
10 -7.2 0.841232
8.8 -6.8 -0.900887
9.2 -6.8 -0.667341
9.6 -6.8 -0.119918
10 -6.8 0.695842
9.6 -6.4 -0.402132
10 -6.4 0.514511
-10 -5.6 -0.0794268
-9.6 -5.6 0.274722
-9.2 -5.6 0.576881
-10 -5.2 0.149797
-9.6 -5.2 0.363702
-9.2 -5.2 0.530614
-8.8 -5.2 0.667761
-8.4 -5.2 0.792373
-10 -4.8 0.371322
-9.6 -4.8 0.441485
-9.2 -4.8 0.469653
-8.8 -4.8 0.473053
-8.4 -4.8 0.468915
-8 -4.8 0.474469
-7.6 -4.8 0.506943
-9.6 -4.4 0.496532
-9.2 -4.4 0.382457
-8.8 -4.4 0.248613
-8.4 -4.4 0.112229
-7.6 -4.4 -0.0992456
-7.2 -4.4 -0.139877
-6.8 -4.4 -0.114133
-10 -4 0.745113
-9.6 -4 0.517301
-9.2 -4 0.257488
-8.8 -4 -0.0170975
-8.4 -4 -0.289226
-8 -4 -0.541669
-7.6 -4 -0.757197
-7.2 -4 -0.918581
-6.8 -4 -1.00859
-6.4 -4 -1.01
-6 -4 -0.905578
-4.8 -4 0.214967
-2.8 -4 5.80721
2.4 -4 56.247
4.4 -4 95.3986
-8.8 -5.6 1.0059
-8.4 -5.6 1.17919
-8 -5.6 1.15668
-7.6 -5.6 0.998315
-7.2 -5.6 0.764023
-6.8 -5.6 0.513741
-6.4 -5.6 0.307404
-6 -5.6 0.204946
-8 -5.2 0.982897
-7.6 -5.2 1.00524
-7.2 -5.2 0.919343
-6.8 -5.2 0.785135
-6.4 -5.2 0.662553
-6 -5.2 0.611532
-7.2 -4.8 0.548307
-6.8 -4.8 0.509044
-6.4 -4.8 0.449089
-6 -4.8 0.428375
-6.4 -4.4 -0.132592
-5.6 -5.6 -0.13786
-5.2 -5.6 -0.453852
-5.6 -5.2 0.385856
-5.2 -5.2 0.195249
-4.8 -5.2 0.0199343
-4.4 -5.2 -0.159868
-5.6 -4.8 0.325136
-5.2 -4.8 0.265223
-4.8 -4.8 0.228858
-4.4 -4.8 0.196262
-4 -4.8 0.147658
-3.6 -4.8 0.0632672
-5.6 -4.4 -0.119623
-5.2 -4.4 -0.0435361
-4.8 -4.4 0.0643558
-4.4 -4.4 0.184274
-3.6 -4.4 0.381077
-3.2 -4.4 0.418404
-2.8 -4.4 0.388645
-5.6 -4 -0.748024
-5.2 -4 -0.53063
-4.4 -4 0.00456494
-4 -4 0.282809
-3.6 -4 0.541779
-3.2 -4 0.761698
-2.4 -4 1.00527
-2 -4 0.989358
-4.8 -5.6 -0.603288
-4.4 -5.6 -0.651712
-4 -5.6 -0.638841
-3.6 -5.6 -0.604388
-3.2 -5.6 -0.588068
-2.8 -5.6 -0.629596
-2.4 -5.6 -0.768687
-2 -5.6 -1.04505
-4 -5.2 -0.547849
-3.6 -5.2 -0.770617
-3.2 -5.2 -0.867889
-2.8 -5.2 -0.879377
-2.4 -5.2 -0.844798
-2 -5.2 -0.803865
-3.2 -4.8 -0.295915
-2.8 -4.8 -0.425685
-2.4 -4.8 -0.365755
-2 -4.8 -0.155842
-2.4 -4.4 0.325604
-1.6 -5.6 -0.808654
-1.2 -5.6 -0.572278
-1.6 -5.2 -0.666721
-1.2 -5.2 -0.550248
-0.8 -5.2 -0.433793
-0.4 -5.2 -0.296704
-1.6 -4.8 -0.103509
-1.2 -4.8 -0.0924943
-0.8 -4.8 -0.102144
-0.4 -4.8 -0.111807
0 -4.8 -0.100828
-1.6 -4.4 0.538144
-1.2 -4.4 0.458146
-0.8 -4.4 0.336837
-0.4 -4.4 0.194868
0 -4.4 0.0528932
0.4 -4.4 -0.0684349
0.8 -4.4 -0.148463
1.2 -4.4 -0.16654
-1.6 -4 0.915404
-1.2 -4 0.758838
-0.8 -4 0.540313
-0.4 -4 0.280483
0 -4 0
0.4 -4 -0.280483
0.8 -4 -0.540313
1.2 -4 -0.758838
1.6 -4 -0.915404
2 -4 -0.989358
-0.8 -5.6 -0.648604
-0.4 -5.6 -0.458107
0 -5.6 -0.0944136
0.4 -5.6 0.348849
0.8 -5.6 0.778055
1.2 -5.6 1.09958
1.6 -5.6 1.21978
2 -5.6 1.04505
0 -5.2 -0.199033
0.4 -5.2 0.0577773
0.8 -5.2 0.380099
1.2 -5.2 0.674306
1.6 -5.2 0.84677
2 -5.2 0.803865
0.8 -4.8 0.018989
1.2 -4.8 0.137989
1.6 -4.8 0.214815
2 -4.8 0.155842
1.6 -4.4 -0.333244
2 -4.4 -0.556178
2.4 -5.6 1.09444
2.8 -5.6 1.11697
2.4 -5.2 0.780542
2.8 -5.2 0.76167
3.2 -5.2 0.72747
3.6 -5.2 0.658164
2.4 -4.8 0.0973998
2.8 -4.8 0.0747203
3.2 -4.8 0.0680255
3.6 -4.8 0.0575368
4 -4.8 0.023476
2.4 -4.4 -0.612148
2.8 -4.4 -0.601044
3.2 -4.4 -0.542643
3.6 -4.4 -0.456723
4 -4.4 -0.363064
4.4 -4.4 -0.281443
4.8 -4.4 -0.23164
5.2 -4.4 -0.233431
2.8 -4 -0.922786
3.2 -4 -0.761698
3.6 -4 -0.541779
4 -4 -0.282809
4.8 -4 0.273174
5.2 -4 0.53063
5.6 -4 0.748024
6 -4 0.905578
3.2 -5.6 0.671391
3.6 -5.6 0.385341
4 -5.6 0.219101
4.4 -5.6 0.132957
4.8 -5.6 0.0871956
5.2 -5.6 0.0421008
5.6 -5.6 -0.0420417
6 -5.6 -0.204946
4 -5.2 0.483572
4.4 -5.2 0.347123
4.8 -5.2 0.209102
5.2 -5.2 0.0297962
5.6 -5.2 -0.23051
6 -5.2 -0.611532
4.8 -4.8 0.0170273
5.2 -4.8 0.00475122
5.6 -4.8 -0.130478
6 -4.8 -0.428375
5.6 -4.4 0.0576584
6.4 -5.6 -0.480309
6.8 -5.6 -0.703726
6.4 -5.2 -0.734695
6.8 -5.2 -0.845356
7.2 -5.2 -0.926288
7.6 -5.2 -0.960261
6.4 -4.8 -0.437507
6.8 -4.8 -0.473583
7.2 -4.8 -0.519372
7.6 -4.8 -0.557646
8 -4.8 -0.571176
8.4 -4.8 -0.542733
6.4 -4.4 0.210857
6.8 -4.4 0.211199
7.2 -4.4 0.162384
7.6 -4.4 0.0816391
8.4 -4.4 -0.106721
8.8 -4.4 -0.179878
9.2 -4.4 -0.216048
6.4 -4 1.01
6.8 -4 1.00859
7.2 -4 0.918581
7.6 -4 0.757197
8 -4 0.541669
8.4 -4 0.289226
8.8 -4 0.0170975
9.2 -4 -0.257488
9.6 -4 -0.517301
10 -4 -0.745113
7.2 -5.6 -0.63696
7.6 -5.6 -0.68117
8 -5.6 -0.776421
8.4 -5.6 -0.862779
8.8 -5.6 -0.880307
9.2 -5.6 -0.769073
9.6 -5.6 -0.469139
10 -5.6 0.0794268
8 -5.2 -0.810582
8.4 -5.2 -0.746657
8.8 -5.2 -0.708551
9.2 -5.2 -0.636329
9.6 -5.2 -0.470056
10 -5.2 -0.149797
8.8 -4.8 -0.469018
9.2 -4.8 -0.455834
9.6 -4.8 -0.443247
10 -4.8 -0.371322
9.6 -4.4 -0.377173
10 -4.4 -0.573607
-10 -3.6 0.87828
-9.6 -3.6 -0.232754
-9.2 -3.6 -0.631203
-10 -3.2 0.963491
-9.6 -3.2 -0.276797
-9.2 -3.2 -0.786964
-8.8 -3.2 -0.756935
-8.4 -3.2 -0.376633
-10 -2.8 0.998902
-9.6 -2.8 -0.330655
-9.2 -2.8 -0.912555
-8.8 -2.8 -0.936723
-8.4 -2.8 -0.593082
-8 -2.8 -0.071558
-7.6 -2.8 0.437926
-9.6 -2.4 -0.396173
-9.2 -2.4 -1.00982
-8.8 -2.4 -1.0482
-8.4 -2.4 -0.701238
-7.6 -2.4 0.389027
-7.2 -2.4 0.752479
-6.8 -2.4 0.741579
-10 -2 0.912945
-9.6 -2 -0.475196
-9.2 -2 -1.08061
-8.8 -2 -1.09322
-8.4 -2 -0.702944
-8 -2 -0.0997147
-7.6 -2 0.526547
-7.2 -2 0.985916
-6.8 -2 1.08847
-6.4 -2 0.64428
-6 -2 -0.536573
-4.8 -2 -10.3984
-2.8 -2 -59.2942
2.4 -2 -531.86
4.4 -2 -912
-8.8 -3.6 -0.751083
-8.4 -3.6 -0.821117
-8 -3.6 -0.824076
-7.6 -3.6 -0.742731
-7.2 -3.6 -0.559854
-6.8 -3.6 -0.258214
-6.4 -3.6 0.179417
-6 -3.6 0.770267
-8 -3.2 -0.569318
-7.6 -3.2 -0.630309
-7.2 -3.2 -0.542378
-6.8 -3.2 -0.288297
-6.4 -3.2 0.149165
-6 -3.2 0.787236
-7.2 -2.8 -0.00829888
-6.8 -2.8 -0.240984
-6.4 -2.8 -0.2429
-6.4 -2.4 -0.138924
-5.6 -3.6 0.159781
-5.2 -3.6 -0.239252
-5.6 -3.2 0.445082
-5.2 -3.2 0.270587
-4.8 -3.2 0.234894
-4.4 -3.2 0.309147
-5.6 -2.8 -0.120945
-5.2 -2.8 -0.121209
-4.8 -2.8 -0.0264639
-4.4 -2.8 0.134433
-4 -2.8 0.332627
-3.6 -2.8 0.539261
-5.6 -2.4 -0.680446
-5.2 -2.4 -0.556783
-4.8 -2.4 -0.381906
-4.4 -2.4 -0.184672
-3.6 -2.4 0.161448
-3.2 -2.4 0.252622
-2.8 -2.4 0.250731
-5.6 -2 -0.375565
-5.2 -2 -0.178281
-4.4 -2 0.209688
-4 -2 0.342662
-3.6 -2 0.396488
-3.2 -2 0.34231
-2.4 -2 -0.205479
-2 -2 -0.756802
-4.8 -3.6 -0.627648
-4.4 -3.6 -0.828735
-4 -3.6 -0.862293
-3.6 -3.6 -0.7481
-3.2 -3.6 -0.505934
-2.8 -3.6 -0.155573
-2.4 -3.6 0.283204
-2 -3.6 0.790619
-4 -3.2 -0.44267
-3.6 -3.2 -0.879712
-3.2 -3.2 -1.02176
-2.8 -3.2 -0.88858
-2.4 -3.2 -0.499963
-2 -3.2 0.124316
-3.2 -2.8 -0.39345
-2.8 -2.8 -0.883917
-2.4 -2.8 -0.951919
-2.4 -2.4 -0.680346
-1.6 -3.6 1.47395
-1.2 -3.6 1.34743
-1.6 -3.2 1.20447
-1.2 -3.2 1.47892
-0.8 -3.2 1.14598
-0.4 -3.2 0.403974
-1.6 -2.8 0.704855
-1.2 -2.8 1.22538
-0.8 -2.8 1.14265
-0.4 -2.8 0.655005
0 -2.8 -0.039245
-1.6 -2.4 0.367422
-1.2 -2.4 0.979129
-0.8 -2.4 0.991731
-0.4 -2.4 0.60355
0 -2.4 0.0129074
0.4 -2.4 -0.581876
0.8 -2.4 -0.982479
1.2 -2.4 -0.990581
-1.6 -2 0.584486
-1.2 -2 1.13249
-0.8 -2 1.08553
-0.4 -2 0.641925
0 -2 0
0.4 -2 -0.641925
0.8 -2 -1.08553
1.2 -2 -1.13249
1.6 -2 -0.584486
-0.8 -3.6 0.772285
-0.4 -3.6 0.243802
0 -3.6 -0.217366
0.4 -3.6 -0.590565
0.8 -3.6 -0.855143
1.2 -3.6 -0.990446
1.6 -3.6 -0.975822
2 -3.6 -0.790619
0 -3.2 -0.192761
0.4 -3.2 -0.613558
0.8 -3.2 -0.837765
1.2 -3.2 -0.844728
1.6 -3.2 -0.613797
2 -3.2 -0.124316
0.8 -2.8 -0.880495
1.2 -2.8 -0.714001
1.6 -2.8 -0.221643
1.6 -2.4 -0.191678
2 -2.4 1.04171
2.4 -3.6 -0.16383
2.8 -3.6 0.774684
2.4 -3.2 -0.259328
2.8 -3.2 -0.111904
3.2 -3.2 0.2891
3.6 -3.2 0.914829
2.4 -2.8 0.0319351
2.8 -2.8 -0.300215
3.2 -2.8 -0.408073
3.6 -2.8 -0.320495
4 -2.8 -0.0663361
2.4 -2.4 0.317643
2.8 -2.4 -0.182566
3.2 -2.4 -0.487771
3.6 -2.4 -0.626828
4 -2.4 -0.628594
4.4 -2.4 -0.521923
4.8 -2.4 -0.335671
5.2 -2.4 -0.0986943
2.8 -2 -0.151273
3.2 -2 -0.34231
3.6 -2 -0.396488
4.8 -2 -0.0264217
5.2 -2 0.178281
5.6 -2 0.375565
3.2 -3.6 0.412777
3.6 -3.6 0.138652
4 -3.6 -0.0674693
4.4 -3.6 -0.225366
4.8 -3.6 -0.354815
5.2 -3.6 -0.475596
5.6 -3.6 -0.607488
6 -3.6 -0.770267
4 -3.2 0.504138
4.4 -3.2 0.170623
4.8 -3.2 -0.105493
5.2 -3.2 -0.343989
5.6 -3.2 -0.564644
6 -3.2 -0.787236
4.8 -2.8 0.163286
5.2 -2.8 0.0675965
5.6 -2.8 0.0187
5.6 -2.4 0.284689
6.4 -3.6 -0.403296
6.8 -3.6 0.532805
6.4 -3.2 -1.13477
6.8 -3.2 -0.871298
7.2 -3.2 -0.186733
7.6 -3.2 0.728997
6.4 -2.8 -0.84686
6.8 -2.8 -1.03764
7.2 -2.8 -0.765448
7.6 -2.8 -0.220207
8 -2.8 0.408158
8.4 -2.8 0.929724
6.4 -2.4 -0.39741
6.8 -2.4 -0.824079
7.2 -2.4 -0.745891
7.6 -2.4 -0.35277
8.4 -2.4 0.618572
8.8 -2.4 0.816945
9.2 -2.4 0.570553
6.4 -2 -0.64428
6.8 -2 -1.08847
7.2 -2 -0.985916
7.6 -2 -0.526547
8 -2 0.0997147
8.4 -2 0.702944
8.8 -2 1.09322
9.2 -2 1.08061
9.6 -2 0.475196
10 -2 -0.912945
7.2 -3.6 0.744058
7.6 -3.6 0.810099
8 -3.6 0.748157
8.4 -3.6 0.575461
8.8 -3.6 0.30924
9.2 -3.6 -0.0332761
9.6 -3.6 -0.434859
10 -3.6 -0.87828
8 -3.2 0.850968
8.4 -3.2 0.788345
8.8 -3.2 0.558359
9.2 -3.2 0.178238
9.6 -3.2 -0.334788
10 -3.2 -0.963491
8.8 -2.8 0.766299
9.2 -2.8 0.3789
9.6 -2.8 -0.215243
9.6 -2.4 -0.0743803
10 -2.4 -0.982668
-10 -1.6 0.796247
-9.6 -1.6 0.176449
-9.2 -1.6 -0.366018
-10 -1.2 0.636569
-9.6 -1.2 0.143304
-9.2 -1.2 -0.291964
-8.8 -1.2 -0.669232
-8.4 -1.2 -0.988503
-10 -0.8 0.443946
-9.2 -0.8 -0.212965
-8.8 -0.8 -0.483423
-8.4 -0.8 -0.715214
-8 -0.8 -0.90834
-10 -0.4 0.228411
-9.6 -0.4 0.0450447
-9.2 -0.4 -0.118989
-8.8 -0.4 -0.26369
-8.4 -0.4 -0.389058
-8 -0.4 -0.495094
-7.6 -0.4 -0.581796
-7.2 -0.4 -0.649166
-6.8 -0.4 -0.697203
2.4 0 0
4.4 0 0
-8.8 -1.6 -1.0379
-8.4 -1.6 -1.08579
-8 -1.6 -0.699604
-7.6 -1.6 -0.0692729
-7.2 -1.6 0.615281
-6.8 -1.6 1.16413
-6.4 -1.6 1.38736
-6 -1.6 1.09504
-8 -1.2 -1.23431
-7.6 -1.2 -1.01486
-7.2 -1.2 -0.520068
-6.8 -1.2 0.0601369
-6.4 -1.2 0.535832
-6 -1.2 0.717092
-7.2 -0.8 -1.17272
-6.8 -0.8 -0.976113
-6.4 -0.8 -0.6629
-6 -0.8 -0.423006
-6.4 -0.4 -0.961419
-6 -0.4 -1.07784
-5.6 -1.6 0.34464
-5.2 -1.6 -0.410628
-5.6 -1.2 0.579516
-5.2 -1.2 0.438289
-4.8 -1.2 0.293412
-4.4 -1.2 0.144884
-5.6 -0.8 -0.23124
-5.2 -0.8 -0.041908
-4.8 -0.8 0.14499
-4.4 -0.8 0.329454
-4 -0.8 0.511484
-3.6 -0.8 0.691081
-5.6 -0.4 -0.840216
-5.2 -0.4 -0.603808
-4.8 -0.4 -0.368618
-4.4 -0.4 -0.134644
-4 -0.4 0.0981122
-3.6 -0.4 0.329652
-3.2 -0.4 0.559974
-2.8 -0.4 0.78908
-4.8 -1.6 -0.787473
-4.4 -1.6 -0.983861
-4 -1.6 -1.02865
-3.6 -1.6 -0.950688
-3.2 -1.6 -0.778839
-2.8 -1.6 -0.541956
-2.4 -1.6 -0.268895
-2 -1.6 0.0114889
-4 -1.2 -0.487784
-3.6 -1.2 -0.795813
-3.2 -1.2 -0.808058
-2.8 -1.2 -0.553376
-2.4 -1.2 -0.0606216
-2 -1.2 0.641349
-3.2 -0.8 0.0846202
-2.8 -0.8 -0.053019
-2.4 -0.8 0.249307
-2 -0.8 0.962743
-2.4 -0.4 0.490858
-2 -0.4 0.805638
-1.6 -1.6 0.408524
-1.2 -1.6 0.736887
-1.6 -1.2 0.711829
-1.2 -1.2 0.730805
-0.8 -1.2 0.698275
-0.4 -1.2 0.614241
-1.6 -0.8 0.858199
-1.2 -0.8 0.719319
-0.8 -0.8 0.546102
-0.4 -0.8 0.338548
0 -0.8 0.0966583
0.4 -0.8 -0.179568
-1.6 -0.4 0.677601
-1.2 -0.4 0.532395
-0.8 -0.4 0.370021
-0.4 -0.4 0.190479
0 -0.4 -0.00623118
0.4 -0.4 -0.22011
0.8 -0.4 -0.451157
1.2 -0.4 -0.699372
0.4 0 0
0.8 0 0
1.2 0 0
1.6 0 0
-0.8 -1.6 0.983686
-0.4 -1.6 0.736601
0 -1.6 0.193952
0.4 -1.6 -0.445937
0.8 -1.6 -0.984748
1.2 -1.6 -1.22416
1.6 -1.6 -0.965845
2 -1.6 -0.0114889
0 -1.2 0.230114
0.4 -1.2 -0.348497
0.8 -1.2 -0.923269
1.2 -1.2 -1.29588
1.6 -1.2 -1.26802
2 -1.2 -0.641349
0.8 -0.8 -0.731059
1.2 -0.8 -1.17763
1.6 -0.8 -1.32097
2 -0.8 -0.962743
1.6 -0.4 -0.954664
2 -0.4 -0.805638
2.4 -1.6 0.505915
2.8 -1.6 1.15033
2.4 -1.2 -0.426337
2.8 -1.2 -0.116064
3.2 -1.2 0.289468
3.6 -1.2 0.79026
2.4 -0.8 -0.934762
2.8 -0.8 -0.843275
3.2 -0.8 -0.68828
3.6 -0.8 -0.469779
4 -0.8 -0.187772
4.4 -0.8 0.157743
2.4 -0.4 -0.849328
2.8 -0.4 -0.861264
3.2 -0.4 -0.841448
4 -0.4 -0.706554
4.4 -0.4 -0.591477
4.8 -0.4 -0.444647
5.2 -0.4 -0.266063
2.8 0 0
3.2 0 0
3.6 0 0
4.8 0 0
3.2 -1.6 0.685621
3.6 -1.6 0.331204
4 -1.6 0.0582259
4.4 -1.6 -0.16217
4.8 -1.6 -0.358839
5.2 -1.6 -0.560636
5.6 -1.6 -0.796418
6 -1.6 -1.09504
4 -1.2 0.570177
4.4 -1.2 0.376111
4.8 -1.2 0.179207
5.2 -1.2 -0.049391
5.6 -1.2 -0.338539
6 -1.2 -0.717092
4.8 -0.8 0.340303
5.2 -0.8 0.464604
5.6 -0.8 0.50179
6 -0.8 0.423006
6 -0.4 1.07784
6.4 -1.6 -0.304284
6.8 -1.6 0.329233
6.4 -1.2 -0.266544
6.8 -1.2 0.0660744
7.2 -1.2 0.280763
7.6 -1.2 0.377521
6.4 -0.8 0.628358
6.8 -0.8 0.755091
7.2 -0.8 0.803203
7.6 -0.8 0.772696
8 -0.8 0.663569
8.4 -0.8 0.475822
6.4 -0.4 1.13301
6.8 -0.4 1.14887
7.2 -0.4 1.12542
8 -0.4 0.96059
8.4 -0.4 0.81921
8.8 -0.4 0.63852
9.2 -0.4 0.41852
7.2 -1.6 -0.057859
7.6 -1.6 0.00529954
8 -1.6 0.328784
8.4 -1.6 0.722671
8.8 -1.6 0.997035
9.2 -1.6 0.961953
9.6 -1.6 0.427501
10 -1.6 -0.796247
8 -1.2 0.431997
8.4 -1.2 0.650308
8.8 -1.2 0.842532
9.2 -1.2 0.818743
9.6 -1.2 0.389017
10 -1.2 -0.636569
8.8 -0.8 0.619672
9.2 -0.8 0.640943
9.6 -0.8 0.349712
10 -0.8 -0.443946
9.6 -0.4 0.299551
10 -0.4 -0.228411
