-10 5.2 1.02211
-9.6 5.2 -0.541526
-9.2 5.2 -1.52157
-10 5.6 -0.662206
-9.6 5.6 -0.105504
-9.2 5.6 1.53104
-8.8 5.6 -0.0126401
-8.4 5.6 0.984783
-8 5.6 1.49056
-7.6 5.6 -0.648062
-10 6 0
-9.6 6 0.416048
-9.2 6 -1.84104
-8.8 6 -0.425359
-8.4 6 -0.768525
-8 6 -1.41423
-7.6 6 0.713135
-7.2 6 -0.586863
-6.8 6 0.546226
-6.4 6 1.46165
-6 6 0
-4.8 6 -0.401475
-2.8 6 -10.5909
2.4 6 -133.905
4.4 6 -239.564
-4.4 6.4 -5.00235
-8.8 5.2 0.0949921
-8.4 5.2 -1.16629
-8 5.2 -1.5092
-7.6 5.2 0.227565
-7.2 5.2 -0.887399
-6.8 5.2 -1.21043
-6.4 5.2 0.634482
-6 5.2 -0.340856
-7.2 5.6 0.422064
-6.8 5.6 -0.00786963
-6.4 5.6 -1.53135
-6 5.6 0.162308
-5.6 5.2 -0.62065
-5.2 5.2 1.44999
-5.6 5.6 -0.849936
-5.2 5.6 -1.63747
-4.8 5.6 0.083676
-4.4 5.6 -1.26258
-4 5.6 -0.913135
-3.6 5.6 0.927104
-5.6 6 1.45309
-5.2 6 0.0278092
-4.4 6 0.458251
-4 6 -1.66702
-3.6 6 -0.523542
-3.2 6 -0.543069
-2.4 6 0.760242
-2 6 0
-4.8 5.2 0.501135
-4.4 5.2 0.0264178
-4 5.2 1.82472
-3.6 5.2 0.823899
-3.2 5.2 0.172055
-2.8 5.2 1.87386
-2.4 5.2 0.828546
-2 5.2 0.00632137
-3.2 5.6 -0.462307
-2.8 5.6 0.661954
-2.4 5.6 1.61292
-2 5.6 -0.00273674
-1.6 5.2 1.73523
-1.2 5.2 0.625209
-1.6 5.6 1.57479
-1.2 5.6 1.42189
-0.8 5.6 -0.286245
-0.4 5.6 1.06863
0 5.6 -0.115219
0.4 5.6 -1.20241
-1.6 6 0.816694
-1.2 6 1.86463
-0.8 6 -0.126146
-0.4 6 1.15729
0 6 0
0.4 6 -1.15729
0.8 6 0.126146
1.2 6 -1.86463
1.6 6 -0.816694
2 6 0
-0.8 5.2 -0.414678
-0.4 5.2 1.08752
0 5.2 0.00323776
0.4 5.2 -1.06848
0.8 5.2 0.471405
1.2 5.2 -0.505669
1.6 5.2 -1.59413
2 5.2 -0.00632137
0.8 5.6 0.352923
1.2 5.6 -1.20467
1.6 5.6 -1.34909
2 5.6 0.00273674
2.4 5.2 -1.08068
2.8 5.2 -2.2528
2.4 5.6 -1.44179
2.8 5.6 -0.462782
3.2 5.6 0.585532
3.6 5.6 -0.944708
4 5.6 0.714688
4.4 5.6 1.18356
2.8 6 1.55406
3.2 6 0.543069
3.6 6 0.523542
4 6 1.66702
4.8 6 0.650086
5.2 6 -0.0278092
5.6 6 -1.45309
6 6 0
3.2 5.2 -0.398397
3.6 5.2 -0.921113
4 5.2 -1.81627
4.4 5.2 0.0642193
4.8 5.2 -0.351775
5.2 5.2 -1.26538
5.6 5.2 0.643511
6 5.2 0.340856
4.8 5.6 -0.311325
5.2 5.6 1.39952
5.6 5.6 0.700904
6 5.6 -0.162308
-4.4 2.4 -866.67
6.4 5.2 -0.55628
6.8 5.2 1.7394
6.4 5.6 1.01494
6.8 5.6 -0.674235
7.2 5.6 -0.978084
7.6 5.6 0.450967
8 5.6 -1.26431
8.4 5.6 -0.614424
6.4 6 -1.46165
6.8 6 -0.546226
7.2 6 0.586863
7.6 6 -0.713135
8 6 1.41423
8.4 6 0.768525
8.8 6 0.425359
9.2 6 1.84104
9.6 6 -0.416048
10 6 0
7.2 5.2 1.22363
7.6 5.2 -0.0749889
8 5.2 1.48721
8.4 5.2 0.978827
8.8 5.2 -0.438834
9.2 5.2 1.03043
9.6 5.2 0.521187
10 5.2 -1.02211
8.8 5.6 0.605059
9.2 5.6 -0.965615
9.6 5.6 0.453806
10 5.6 0.662206
-10 -8.4 65689.7
-10 6.4 0.652842
-9.6 6.4 -1.67676
-9.2 6.4 -0.0166333
-8.8 6.4 -0.455256
-8.4 6.4 0.682918
-10 6.8 -0.271631
-9.6 6.8 1.27143
-9.2 6.8 0.011175
-8.8 6.8 -0.396794
-8.4 6.8 -0.22521
-8 6.8 -1.92927
-7.6 6.8 -0.0531092
-7.2 6.8 -1.39511
-6.8 6.8 1.69777
-3.6 7.6 3.56137
-8 6.4 1.00278
-7.6 6.4 -1.31969
-7.2 6.4 0.274055
-6.8 6.4 -1.11486
-6.4 6.4 -0.735769
-6 6.4 0.150956
-6.4 6.8 -0.324977
-6 6.8 -0.364186
-6 -8.4 -17424.4
-5.6 6.4 -0.951489
-5.2 6.4 1.4957
-4.8 6.4 0.251176
-5.6 6.8 -0.517201
-5.2 6.8 -1.53234
-4.8 6.8 0.555402
-4.4 6.8 -0.808907
-4 6.8 1.57888
-3.6 6.8 0.334232
-3.2 6.8 0.936078
-2.8 6.8 -0.0222158
0.4 7.6 -3.86648
8.4 9.6 -3.41236
-4 6.4 0.609302
-3.6 6.4 -1.25538
-3.2 6.4 0.257346
-2.8 6.4 -1.65981
-2.4 6.4 -0.36057
-2 6.4 0.00104965
-2.4 6.8 -1.28529
-2 6.8 -0.00335244
-2 -8.4 -3587.96
-1.6 6.4 0.202686
-1.2 6.4 2.28009
-0.8 6.4 0.16066
-0.4 6.4 1.04588
-1.6 6.8 -0.438244
-1.2 6.8 2.08656
-0.8 6.8 0.339851
-0.4 6.8 1.04041
0 6.8 -0.0179164
0.4 6.8 -1.05461
0.8 6.8 -0.289161
1.2 6.8 -1.92772
4.4 7.6 32.3223
0 6.4 -0.133439
0.4 6.4 -1.20334
0.8 6.4 -0.0534283
1.2 6.4 -1.97725
1.6 6.4 0.104976
2 6.4 -0.00104965
1.6 6.8 0.640833
2 6.8 0.00335244
2 -8.4 3587.96
-9.2 3.2 -494.023
-7.6 3.6 -335.8
2.4 6.4 -0.309394
2.8 6.4 0.975792
3.2 6.4 -0.546491
3.6 6.4 1.52305
2.4 6.8 0.341571
2.8 6.8 -0.848142
3.2 6.8 -0.851502
3.6 6.8 0.276454
4 6.8 -0.870911
4.4 6.8 1.18534
4.8 6.8 -0.939325
5.2 6.8 -0.0407644
4 6.4 -0.621762
4.4 6.4 -0.845688
4.8 6.4 -0.343835
5.2 6.4 -1.8489
5.6 6.4 0.54685
6 6.4 -0.150956
5.6 6.8 -0.95692
6 6.8 0.364186
6 -8.4 17424.4
-5.2 3.2 -179.778
-3.6 3.6 -125.447
1.2 4.8 -29.8795
6.4 6.4 -0.123513
6.8 6.4 -0.118602
7.2 6.4 -1.15295
7.6 6.4 1.76776
6.4 6.8 0.876305
6.8 6.8 -0.674988
7.2 6.8 0.55738
7.6 6.8 -1.89136
8 6.8 -0.368171
8.4 6.8 -1.67143
8.8 6.8 -0.345278
9.2 6.8 1.15509
8 6.4 -1.10771
8.4 6.4 -0.554909
8.8 6.4 -0.855456
9.2 6.4 -1.63255
9.6 6.4 0.5457
10 6.4 -0.652842
9.6 6.8 -0.916459
10 6.8 0.271631
-10 7.2 1.29851
-9.6 7.2 0.337944
-9.2 7.2 -1.15355
-10 7.6 -0.091476
-9.6 7.6 -0.618614
-9.2 7.6 1.15169
-8.8 7.6 -0.191313
-8.4 7.6 1.41513
-8 7.6 -0.499528
-7.6 7.6 1.05801
-10 8 0
-9.6 8 1.65669
-9.2 8 -0.680947
-8.8 8 0.865949
-8.4 8 -1.3852
-8 8 0.207708
-7.6 8 -1.74888
-7.2 8 0.046812
-6.8 8 -1.40832
-6.4 8 0.748278
-6 8 0
-4.8 8 6.19916
-2.8 8 23.5762
2.4 8 169.908
4.4 8 280.663
-4.4 8.4 -2.05502
-8.8 7.2 0.682788
-8.4 7.2 -0.0858826
-8 7.2 1.49796
-7.6 7.2 -0.587611
-7.2 7.2 1.05636
-6.8 7.2 -1.1203
-6.4 7.2 0.792448
-6 7.2 -0.214716
-7.2 7.6 -0.644377
-6.8 7.6 1.09292
-6.4 7.6 -1.34522
-6 7.6 0.149726
-5.6 7.2 1.1446
-5.2 7.2 -0.248306
-5.6 7.6 -0.713551
-5.2 7.6 1.8152
-4.8 7.6 0.0215868
-4.4 7.6 1.61361
-4 7.6 -0.644065
-5.6 8 1.68767
-5.2 8 0.148143
-4.4 8 -0.552093
-4 8 0.124492
-3.6 8 -1.32635
-3.2 8 -0.598393
-2.4 8 -0.246235
-2 8 0
-4.8 7.2 -0.370648
-4.4 7.2 0.00382129
-4 7.2 -0.368223
-3.6 7.2 1.30526
-3.2 7.2 0.0585069
-2.8 7.2 1.87815
-2.4 7.2 -0.650965
-2 7.2 -0.00469272
-3.2 7.6 -0.709483
-2.8 7.6 0.96673
-2.4 7.6 -0.356518
-2 7.6 0.00169591
-1.6 7.2 -0.502817
-1.2 7.2 1.7264
-1.6 7.6 0.150076
-1.2 7.6 1.30496
-0.8 7.6 0.808299
-0.4 7.6 0.778612
0 7.6 0.122405
-1.6 8 1.15911
-1.2 8 0.928116
-0.8 8 1.0452
-0.4 8 0.464057
0 8 0
0.4 8 -0.464057
0.8 8 -1.0452
1.2 8 -0.928116
1.6 8 -1.15911
2 8 0
-0.8 7.2 0.546238
-0.4 7.2 0.890768
0 7.2 -0.00614191
0.4 7.2 -0.912287
0.8 7.2 -0.595462
1.2 7.2 -1.8218
1.6 7.2 0.367193
2 7.2 0.00469272
0.8 7.6 -0.900318
1.2 7.6 -1.56329
1.6 7.6 -0.41077
2 7.6 -0.00169591
2.4 7.2 1.48676
2.8 7.2 -1.15724
2.4 7.6 1.31891
2.8 7.6 0.0262485
3.2 7.6 1.10546
3.6 7.6 -0.847794
4 7.6 0.32109
2.8 8 1.40037
3.2 8 0.598393
3.6 8 1.32635
4 8 -0.124492
4.8 8 -1.14547
5.2 8 -0.148143
5.6 8 -1.68767
6 8 0
3.2 7.2 0.147914
3.6 7.2 -1.40064
4 7.2 0.183728
4.4 7.2 -0.0647511
4.8 7.2 0.645965
5.2 7.2 1.07255
5.6 7.2 0.0100357
6 7.2 0.214716
4.8 7.6 0.655147
5.2 7.6 -0.59563
5.6 7.6 1.80895
6 7.6 -0.149726
-4.4 4.4 -49.0165
6.4 7.2 -1.56407
6.8 7.2 0.469571
6.4 7.6 1.35864
6.8 7.6 -1.06466
7.2 7.6 0.550726
7.6 7.6 -1.54852
8 7.6 0.275617
8.4 7.6 -1.23912
6.4 8 -0.748278
6.8 8 1.40832
7.2 8 -0.046812
7.6 8 1.74888
8 8 -0.207708
8.4 8 1.3852
8.8 8 -0.865949
9.2 8 0.680947
9.6 8 -1.65669
10 8 0
7.2 7.2 -0.423922
7.6 7.2 1.92132
8 7.2 -0.0448707
8.4 7.2 1.07645
8.8 7.2 -0.736622
9.2 7.2 -0.526577
9.6 7.2 -1.12685
10 7.2 -1.29851
8.8 7.6 1.36218
9.2 7.6 0.229354
9.6 7.6 1.5633
10 7.6 0.091476
-10 -6.4 115582
-10 8.4 0.0609417
-9.6 8.4 -1.35642
-9.2 8.4 0.593732
-8.8 8.4 -1.26751
-8.4 8.4 0.753755
-10 8.8 1.14856
-9.6 8.8 1.27538
-9.2 8.8 0.106607
-8.8 8.8 1.48367
-8.4 8.8 -0.584712
-8 8.8 1.17729
-7.6 8.8 -0.778816
-7.2 8.8 0.28249
-6.8 8.8 -0.625907
-3.6 9.6 12.0354
-8 8.4 -0.534788
-7.6 8.4 1.59174
-7.2 8.4 0.115095
-6.8 8.4 1.23094
-6.4 8.4 0.0405445
-6 8.4 0.0929351
-6.4 8.8 -0.637805
-6 8.8 -0.331426
-6 -6.4 -51573.1
-5.6 8.4 -0.252055
-5.2 8.4 -0.847586
-4.8 8.4 -0.186365
-5.6 8.8 -1.52326
-5.2 8.8 0.511766
-4.8 8.8 -1.21937
-4.4 8.8 0.860828
-4 8.8 -0.339791
-3.6 8.8 0.779779
-3.2 8.8 0.899852
-2.8 8.8 0.586755
0.4 9.6 -16.1108
-4 8.4 0.322105
-3.6 8.4 -1.2941
-3.2 8.4 0.716834
-2.8 8.4 -1.08758
-2.4 8.4 1.22973
-2 8.4 -0.00260113
-2.4 8.8 1.73497
-2 8.8 0.00628574
-2 -6.4 751.682
-1.6 8.4 1.66313
-1.2 8.4 0.220378
-0.8 8.4 1.11247
-0.4 8.4 0.263605
-1.6 8.8 1.83244
-1.2 8.8 -0.232264
-0.8 8.8 1.16733
-0.4 8.8 -0.111599
0 8.8 0.0104529
0.4 8.8 0.112701
0.8 8.8 -1.22563
1.2 8.8 0.0749427
4.4 9.6 9.66704
0 8.4 0.128676
0.4 8.4 -0.111579
0.8 8.4 -1.19735
1.2 8.4 -0.483901
1.6 8.4 -1.93553
2 8.4 0.00260113
1.6 8.8 -2.01887
2 8.8 -0.00628574
2 -6.4 -751.682
2.4 8.4 -1.59792
2.8 8.4 0.687631
3.2 8.4 -0.909661
3.6 8.4 1.44973
2.4 8.8 -1.72875
2.8 8.8 -0.457482
3.2 8.8 -0.970345
3.6 8.8 -1.00251
4 8.8 0.0123615
4.4 8.8 -1.24543
4.8 8.8 0.825139
5.2 8.8 -0.868107
4 8.4 0.194863
4.4 8.4 1.8162
4.8 8.4 0.515954
5.2 8.4 1.01992
5.6 8.4 0.282011
6 8.4 -0.0929351
5.6 8.8 1.46368
6 8.8 0.331426
6 -6.4 51573.1
6.4 8.4 0.290102
6.8 8.4 -0.78356
7.2 8.4 0.184995
7.6 8.4 -1.75305
6.4 8.8 1.14639
6.8 8.8 1.06411
7.2 8.8 0.37907
7.6 8.8 1.60675
8 8.8 -0.23997
8.4 8.8 1.57444
8.8 8.8 -0.498516
9.2 8.8 0.816995
8 8.4 0.325967
8.4 8.4 -1.38778
8.8 8.4 0.7931
9.2 8.4 -0.942668
9.6 8.4 1.14893
10 8.4 -0.0609417
9.6 8.8 -0.897276
10 8.8 -1.14856
-10 9.2 0.0376857
-9.6 9.2 1.12276
-9.2 9.2 0.998701
-10 9.6 0.587547
-9.6 9.6 -1.35765
-9.2 9.6 -0.216238
-8.8 9.6 -0.286089
-8.4 9.6 -1.52479
-8 9.6 0.304974
-7.6 9.6 -1.32524
-10 10 0
-9.6 10 1.68632
-9.2 10 0.0681802
-8.8 10 0.977765
-8.4 10 1.72133
-8 10 -0.0076744
-7.6 10 1.50395
-7.2 10 1.09808
-6.8 10 -0.191196
-6.4 10 1.44652
-6 10 0
-4.8 10 -1.36475
-2.8 10 -2.54029
2.4 10 -10.8093
4.4 10 -15.9361
-8.8 9.2 0.149627
-8.4 9.2 1.77137
-8 9.2 -0.134291
-7.6 9.2 1.58818
-7.2 9.2 0.633635
-6.8 9.2 0.655875
-6.4 9.2 1.66933
-6 9.2 -0.0215218
-7.2 9.6 -0.69012
-6.8 9.6 -0.074936
-6.4 9.6 -1.72418
-6 9.6 0.0903862
-5.6 9.2 1.79122
-5.2 9.2 0.0426643
-5.6 9.6 -1.07361
-5.2 9.6 -1.02887
-4.8 9.6 0.207444
-4.4 9.6 -1.60585
-4 9.6 0.0714253
-5.6 10 -0.449949
-5.2 10 0.829663
-4.4 10 -0.552289
-4 10 0.00575346
-3.6 10 -1.86568
-3.2 10 -0.414655
-2.4 10 -1.89873
-2 10 0
-4.8 9.2 0.878999
-4.4 9.2 1.04914
-4 9.2 -0.102341
-3.6 9.2 1.64545
-3.2 9.2 -0.301787
-2.8 9.2 1.15558
-2.4 9.2 0.419161
-2 9.2 -0.000186636
-3.2 9.6 -1.1393
-2.8 9.6 0.517579
-2.4 9.6 -1.28174
-2 9.6 0.000519706
-1.6 9.2 1.16757
-1.2 9.2 -0.764496
-1.6 9.6 0.0460003
-1.2 9.6 -1.08837
-0.8 9.6 0.847475
-0.4 9.6 -0.693311
0 9.6 0.0272793
-1.6 10 -1.08614
-1.2 10 -1.17485
-0.8 10 0.544986
-0.4 10 -0.984645
0 10 0
0.4 10 0.984645
0.8 10 -0.544986
1.2 10 1.17485
1.6 10 1.08614
2 10 0
-0.8 9.2 1.04768
-0.4 9.2 -0.426921
0 9.2 -0.00490523
0.4 9.2 0.412448
0.8 9.2 -1.07614
1.2 9.2 0.712717
1.6 9.2 -1.20234
2 9.2 0.000186636
0.8 9.6 -0.834045
1.2 9.6 1.07873
1.6 9.6 -0.0654553
2 9.6 -0.000519706
2.4 9.2 -0.51886
2.8 9.2 -1.33506
2.4 9.6 1.29357
2.8 9.6 -0.489984
3.2 9.6 1.19473
3.6 9.6 0.614186
4 9.6 0.0313527
2.8 10 0.737438
3.2 10 0.414655
3.6 10 1.86568
4 10 -0.00575346
4.8 10 1.1416
5.2 10 -0.829663
5.6 10 0.449949
6 10 0
3.2 9.2 0.104453
3.6 9.2 -1.85935
4 9.2 -0.126816
4.4 9.2 -1.29226
4.8 9.2 -1.13479
5.2 9.2 -0.309825
5.6 9.2 -1.91511
6 9.2 0.0215218
4.8 9.6 -0.0735102
5.2 9.6 1.14574
5.6 9.6 1.14855
6 9.6 -0.0903862
6.4 9.2 -1.67254
6.8 9.2 -0.760562
6.4 9.6 1.79392
6.8 9.6 0.180181
7.2 9.6 0.802452
7.6 9.6 1.42205
8 9.6 -0.261599
6.4 10 -1.44652
6.8 10 0.191196
7.2 10 -1.09808
7.6 10 -1.50395
8 10 0.0076744
8.4 10 -1.72133
8.8 10 -0.977765
9.2 10 -0.0681802
9.6 10 -1.68632
10 10 0
7.2 9.2 -0.747539
7.6 9.2 -1.70212
8 9.2 0.0295167
8.4 9.2 -1.8578
8.8 9.2 -0.208519
9.2 9.2 -1.02087
9.6 9.2 -1.16807
10 9.2 -0.0376857
8.8 9.6 0.241136
9.2 9.6 0.163337
9.6 9.6 1.32167
10 9.6 -0.587547
-10 0 0
-10 0.4 -0.690377
-9.6 0.4 -0.526983
-9.2 0.4 -0.402862
-10 0.8 0.679191
-9.6 0.8 0.816466
-9.2 0.8 0.820053
-8.8 0.8 0.755705
-8.4 0.8 0.698254
-7.6 1.2 -3.58155
-9.6 0 0
-9.2 0 0
-8.8 0 0
-8.4 0 0
-8 0 0
-8.8 0.4 -0.364063
-8.4 0.4 -0.310515
-8 0.4 -0.246119
-8 0.8 0.846464
-7.6 0.4 -0.0698794
-7.2 0.4 -0.0967467
-7.6 0.8 0.632262
-7.2 0.8 0.481147
-6.8 0.8 0.377726
-6.4 0.8 0.301456
-5.6 1.2 -2.69676
-7.6 0 0
-7.2 0 0
-6.8 0 0
-6.4 0 0
-6 0 0
-6.8 0.4 -0.0549599
-6.4 0.4 -0.00673154
-6 0.4 0.0443582
-6 0.8 0.091159
-5.6 0.4 2.95046e-05
-5.2 0.4 -0.00322622
-5.6 0.8 0.0480905
-5.2 0.8 0.0482332
-4.8 0.8 0.0620466
-4.4 0.8 0.051215
-3.6 1.2 -0.640557
-5.6 0 0
-5.2 0 0
-4.8 0 0
-4.4 0 0
-4 0 0
-4.8 0.4 0.0132485
-4.4 0.4 0.0269628
-4 0.4 0.0368307
-4 0.8 -0.0698631
-3.6 0.4 -0.0100529
-3.2 0.4 0.00141368
-3.6 0.8 -0.0154483
-3.2 0.8 -0.00561643
-2.8 0.8 -0.0099625
-2.4 0.8 0.00758125
-1.6 1.2 -0.130516
-0.8 1.6 -1.55665
-3.6 0 0
-3.2 0 0
-2.8 0 0
-2.4 0 0
-2 0 0
-2.8 0.4 0.00750024
-2.4 0.4 0.0070879
-2 0.4 0.00224351
-2 0.8 -0.00573192
-1.6 0.4 0.00762019
-1.2 0.4 -0.0025737
-1.6 0.8 -0.0121317
-1.2 0.8 -0.00147798
-0.8 0.8 0.00762019
-0.4 0.8 0.00499798
0.4 1.2 0.0025737
1.2 1.6 0.917766
-1.6 0 0
-1.2 0 0
-0.8 0 0
-0.4 0 0
0 0 0
-0.8 0.4 0.000315478
-0.4 0.4 -0.000148586
0 0.4 0
0 0.8 0
-10 1.2 -1.40105
-9.6 1.2 -0.330521
-10 1.6 0.295754
-9.6 1.6 0.27099
-9.2 1.6 0.38413
-8.8 1.6 0.169879
-10 2 0
-9.6 2 0.0506929
-9.2 2 -0.0271418
-8.8 2 -0.0314517
-8.4 2 0.0799187
-8 2 0
-2.8 2 -198.337
4.4 2 -1855.31
-9.2 1.2 -0.16607
-8.8 1.2 0.057707
-8.4 1.2 0.375079
-8 1.2 0.774005
-8.4 1.6 0.390768
-8 1.6 -0.145803
-7.6 1.6 -0.095282
-7.2 1.6 -0.108282
-6.8 1.6 -0.0545107
-7.6 2 -0.0891692
-7.2 2 0.0390908
-6.8 2 0.0381984
-6.4 2 -0.0831172
-6 2 0
-7.2 1.2 0.141891
-6.8 1.2 0.118625
-6.4 1.2 -0.0003138
-6 1.2 -0.267646
-6.4 1.6 -0.2317
-6 1.6 0.0473093
-5.6 1.6 0.0332589
-5.2 1.6 -0.0371037
-4.8 1.6 0.00286818
-5.6 2 0.0658768
-5.2 2 -0.0239611
-4.8 2 -0.0184845
-4.4 2 0.0287393
-4 2 0
-5.2 1.2 -0.0289719
-4.8 1.2 -0.0716071
-4.4 1.2 -0.0669259
-4 1.2 0.0455467
-4.4 1.6 0.0921534
-4 1.6 -0.00776679
-3.6 1.6 -0.0254189
-3.2 1.6 0.0553361
-2.8 1.6 0.0077993
-3.6 2 0.00304925
-3.2 2 -0.00776679
-2.4 2 0.0455467
-2 2 0
-3.2 1.2 -0.0186216
-2.8 1.2 0.0099199
-2.4 1.2 0.0314089
-2 1.2 -0.00165288
-2.4 1.6 -0.0186216
-2 1.6 0.000276687
-1.6 1.6 -0.00561643
-1.2 1.6 -0.010422
-1.6 2 -0.0698631
-1.2 2 0.0341145
-0.8 2 0.0368307
-0.4 2 -0.0882819
0 2 0
-1.2 1.2 0.0165046
-0.8 1.2 0.0070879
-0.4 1.2 -0.0144386
0 1.2 0
-0.4 1.6 -0.0180775
0 1.6 0
-10 -4.4 -11503.2
-10 2.4 -0.267707
-9.6 2.4 -0.135406
-9.2 2.4 -0.0624302
-10 2.8 -0.846722
-9.6 2.8 0.449123
-9.2 2.8 0.418089
-8.8 2.8 -0.190361
-8.4 2.8 0.120875
-7.6 3.2 -0.979415
-8.8 2.4 -0.167451
-8.4 2.4 0.109038
-8 2.4 0.325594
-8 2.8 -0.847243
-8 -4.4 -4237.96
-7.6 2.4 -0.401967
-7.2 2.4 0.00369585
-7.6 2.8 0.0104006
-7.2 2.8 0.0896928
-6.8 2.8 -0.399368
-6.4 2.8 -0.0158956
-5.6 3.2 0.191543
-6.8 2.4 -0.239317
-6.4 2.4 0.0790989
-6 2.4 0.122173
-6 2.8 -0.113796
-6 -4.4 5535.25
-5.6 2.4 -0.245909
-5.2 2.4 0.00216514
-5.6 2.8 0.0655279
-5.2 2.8 0.0933298
-4.8 2.8 -0.245909
-4.4 2.8 -0.00607587
-3.6 3.2 0.119106
-4.8 2.4 0.10134
-4 2.4 -0.0184845
-4 2.8 0.0658768
-4 -4.4 2184.86
-9.6 -0.8 -57.9788
-3.6 2.4 -0.0144819
-3.2 2.4 0.00286818
-3.6 2.8 -0.00361289
-3.2 2.8 0.0332589
-2.8 2.8 -0.0790229
-2.4 2.8 -0.0250176
-1.6 3.2 0.536115
-0.8 3.6 5.82502
-2.8 2.4 0.0618035
-2.4 2.4 -0.0716071
-2 2.4 -0.00265623
-2 2.8 0.00584038
-2 -4.4 -196.362
-7.6 -0.8 -284.516
-1.6 2.4 0.0620466
-1.2 2.4 -0.0154288
-1.6 2.8 0.0480905
-1.2 2.8 -0.00902313
-0.8 2.8 2.95046e-05
-0.4 2.8 -0.0352262
0.4 3.2 1.42256
1.2 3.6 14.2052
-0.8 2.4 0.0132485
-0.4 2.4 -0.072534
0 2.4 0
0 2.8 0
-10 3.2 -0.464298
-9.6 3.2 -0.0461858
-10 3.6 -0.448993
-9.6 3.6 -0.254585
-9.2 3.6 0.408363
-8.8 3.6 0.0148304
-10 4 0
-9.6 4 0.776277
-9.2 4 -0.396802
-8.8 4 -0.377497
-8.4 4 0.659312
-8 4 0
-2.8 4 84.5687
4.4 4 1089.55
-8.8 3.2 0.247054
-8.4 3.2 0.452028
-8 3.2 -0.636002
-8.4 3.6 0.0322503
-8 3.6 0.0331396
-7.2 3.6 -0.441672
-6.8 3.6 0.00622783
-7.6 4 0.243869
-7.2 4 0.0331396
-6.8 4 0.178361
-6.4 4 -0.636002
-6 4 0
-7.2 3.2 -0.265822
-6.8 3.2 0.181741
-6.4 3.2 0.327925
-6 3.2 -0.36055
-6.4 3.6 -0.265822
-6 3.6 0.124202
-5.6 3.6 0.0896928
-5.2 3.6 -0.369736
-4.8 3.6 0.00369585
-5.6 4 -0.847243
-5.2 4 0.387158
-4.8 4 0.325594
-4.4 4 -0.474235
-4 4 0
-4.8 3.2 0.0790989
-4.4 3.2 0.194704
-4 3.2 -0.0831172
-4.4 3.6 -0.107817
-4 3.6 0.0390908
-3.2 3.6 -0.108282
-2.8 3.6 -0.0657594
-3.6 4 0.00267893
-3.2 4 -0.145803
-2.4 4 0.774005
-2 4 0
-3.2 3.2 -0.2317
-2.8 3.2 -0.0188654
-2.4 3.2 -0.0003138
-2 3.2 -0.00357113
-2.4 3.6 0.141891
-2 3.6 0.0018818
-1.6 3.6 0.481147
-1.2 3.6 -0.14342
-1.6 4 0.846464
-1.2 4 -0.34473
-0.8 4 -0.246119
-0.4 4 0.249
0 4 0
-1.2 3.2 -0.093102
-0.8 3.2 -0.00673154
-0.4 3.2 -0.12113
0 3.2 0
-0.4 3.6 0.0171315
0 3.6 0
-10 -2.4 -6170.35
-10 4.4 0.471884
-9.6 4.4 -0.447046
-9.2 4.4 -0.00430604
-10 4.8 -1.37025
-9.6 4.8 0.449608
-9.2 4.8 0.440541
-8.8 4.8 -0.447046
-8.4 4.8 0.0109607
-8.8 4.4 0.901961
-8.4 4.4 -0.498943
-8 4.4 -0.377497
-8 4.8 0.776277
-8 -2.4 1194.65
-7.6 4.4 0.483811
-7.2 4.4 0.0148304
-7.6 4.8 -0.382885
-7.2 4.8 -0.254585
-6.8 4.8 0.187999
-6.4 4.8 -0.0461858
-6.8 4.4 -0.17306
-6.4 4.4 0.247054
-6 4.4 0.161834
-6 4.8 -0.283214
-6 -2.4 2359.04
-5.6 4.4 -0.190361
-5.2 4.4 -0.0586683
-5.6 4.8 0.449123
-5.2 4.8 0.0268287
-4.8 4.8 -0.135406
-4.4 4.8 0.138608
-4.8 4.4 -0.167451
-4 4.4 -0.0314517
-4 4.8 0.0506929
-4 -2.4 -2021.03
-3.6 4.4 -0.319438
-3.2 4.4 0.169879
-3.6 4.8 -0.581745
-3.2 4.8 0.27099
-2.8 4.8 0.304036
-2.4 4.8 -0.330521
-2.8 4.4 0.192571
-2.4 4.4 0.057707
-2 4.4 0.00122894
-2 4.8 -0.00190314
-2 -2.4 401.193
-1.6 4.4 0.755705
-1.2 4.4 -0.383964
-1.6 4.8 0.816466
-1.2 4.8 -0.525733
-0.8 4.8 -0.526983
-0.4 4.8 0.714082
-0.8 4.4 -0.364063
-0.4 4.4 0.488774
0 4.4 0
0 4.8 0
5.2 0.4 -0.0806514
5.2 0.8 0.0695158
5.6 0.8 0.0720739
5.2 0 0
5.6 0 0
6 0 0
5.6 0.4 -0.0847754
6 0.4 -0.0443582
6 0.8 -0.091159
6.4 0.4 -0.0377511
6.4 0.8 -0.17353
6.8 0.8 -0.325075
10 4 1179.67
6.4 0 0
6.8 0 0
6.8 0.4 0.0241897
7.2 0.4 0.0670053
7.2 0.8 -0.519495
7.6 0.8 -0.726706
7.2 0 0
7.6 0 0
8 0 0
7.6 0.4 0.180111
8 0.4 0.246119
8 0.8 -0.846464
8.4 0.4 0.406355
8.4 0.8 -1.02628
8.8 0.8 -1.18481
8.4 0 0
8.8 0 0
8.8 0.4 0.466257
9.2 0.4 0.576377
9.2 0.8 -1.04393
9.6 0.8 -1.02566
9.2 0 0
9.6 0 0
10 0 0
9.6 0.4 0.672709
10 0.4 0.690377
10 0.8 -0.679191
2 -2 -571.304
3.6 -0.4 -94.5894
5.2 1.2 0.546411
5.2 1.6 -0.128921
5.6 1.6 -0.249684
5.2 2 -0.00632137
5.6 2 0.00273674
6 2 0
5.6 1.2 0.41739
6 1.2 0.267646
6 1.6 -0.0473093
6.4 1.6 0.0550704
6.4 2 -0.00104965
6.8 2 0.00335244
6.4 1.2 0.015711
6.8 1.2 -0.243252
6.8 1.6 0.300658
4 -2 511.696
5.6 -0.4 81.606
7.2 1.2 -0.984538
7.2 1.6 0.359973
7.6 1.6 0.494698
7.2 2 0.00469272
7.6 2 -0.00169591
8 2 0
7.6 1.2 -0.943919
8 1.2 -0.774005
8 1.6 0.145803
8.4 1.6 -0.0807983
8.4 2 0.00260113
8.8 2 -0.00628574
8.4 1.2 -0.414548
8.8 1.2 0.0871646
8.8 1.6 -0.523104
6 -2 -200.112
7.6 -0.4 -24.0018
9.2 1.2 1.13284
9.2 1.6 -0.657728
9.6 1.6 -0.763225
9.2 2 0.000186636
9.6 2 -0.000519706
10 2 0
9.6 1.2 1.38902
10 1.2 1.40105
10 1.6 -0.295754
5.2 2.4 0.18019
5.2 2.8 0.150517
5.6 2.8 0.582054
5.6 2.4 -0.260608
6 2.4 -0.122173
6 2.8 0.113796
6 -4.4 -5535.25
6.4 2.4 0.161035
6.4 2.8 -0.219598
6.8 2.8 -1.14791
6.8 2.4 0.363577
7.2 2.4 0.575087
7.2 2.8 -0.355429
7.6 2.8 0.249943
7.6 2.4 -0.0728187
8 2.4 -0.325594
8 2.8 0.847243
8 -4.4 4237.96
8.4 2.4 -0.693302
8.4 2.8 0.79895
8.8 2.8 -0.397536
8.8 2.4 -0.0501344
9.2 2.4 0.513484
9.2 2.8 -1.25676
9.6 2.8 -1.20825
9.6 2.4 0.760659
10 2.4 0.267707
10 2.8 0.846722
-6.8 -8.8 58436.5
2 0 1319.92
3.6 1.6 202.062
5.2 3.2 -0.257088
5.2 3.6 0.336026
5.6 3.6 -0.323904
5.2 4 0.0213596
5.6 4 0.00360864
6 4 0
5.6 3.2 0.476828
6 3.2 0.36055
6 3.6 -0.124202
6.4 3.6 0.146665
6.4 4 -0.027637
6.8 4 0.0806285
6.4 3.2 -0.677344
6.8 3.2 -0.622973
6.8 3.6 0.363561
-4.8 -8.8 23029.1
4 0 558.151
7.2 3.2 0.398038
7.2 3.6 0.035416
7.6 3.6 -0.842207
7.2 4 -0.0893328
7.6 4 0.0380407
8 4 0
7.6 3.2 1.11902
8 3.2 0.636002
8 3.6 -0.0331396
8.4 3.6 0.533456
8.4 4 -0.0234093
8.8 4 0.02723
8.4 3.2 -1.41002
8.8 3.2 -0.984463
8.8 3.6 0.0658316
-2.8 -8.8 -9199.74
9.2 3.2 1.09573
9.2 3.6 -0.716589
9.6 3.6 -0.798429
9.2 4 0.00463628
9.6 4 -0.0146785
9.6 3.2 1.53222
10 3.2 0.464298
10 3.6 0.448993
5.2 4.4 0.196108
5.2 4.8 -0.0323962
5.6 4.8 -0.631942
5.6 4.4 0.00661813
6 4.4 -0.161834
6 4.8 0.283214
6 -2.4 -2359.04
6.4 4.4 0.515768
6.4 4.8 -0.239322
6.8 4.8 -1.60214
6.8 4.4 0.37825
7.2 4.4 -0.254662
7.2 4.8 0.437229
7.6 4.8 1.06193
7.6 4.4 -0.119527
8 4.4 0.377497
8 4.8 -0.776277
8 -2.4 -1194.65
8.4 4.4 -0.160568
8.4 4.8 0.25316
8.8 4.8 1.88383
8.8 4.4 -0.905495
9.2 4.4 0.0808072
9.2 4.8 -0.860284
9.6 4.8 -1.32362
9.6 4.4 0.478735
10 4.4 -0.471884
10 4.8 1.37025
-10 -10 0
-10 -9.6 -1.67389
-9.6 -9.6 -0.12623
-9.2 -9.6 -1.41294
-10 -9.2 -0.0569146
-9.6 -9.2 -1.32135
-9.2 -9.2 -1.10184
-8.8 -9.2 -0.0608908
-8.4 -9.2 -1.37539
-10 -8.8 -0.974642
-9.6 -8.8 -1.25178
-9.2 -8.8 -0.086
-8.8 -8.8 -1.36883
-8.4 -8.8 0.840916
-8 -8.8 -0.782689
-7.6 -8.8 1.25875
-9.6 -8.4 0.0466778
-9.2 -8.4 -1.49141
-8.8 -8.4 0.787827
-8.4 -8.4 -0.859607
-8 -8.4 1.37754
-7.6 -8.4 -0.188094
-7.2 -8.4 1.46173
-6.8 -8.4 0.131354
-10 -8 0
-9.6 -8 -1.65669
-9.2 -8 0.680947
-8.8 -8 -0.865949
-8.4 -8 1.3852
-8 -8 -0.207708
-7.6 -8 1.74888
-7.2 -8 -0.046812
-6.8 -8 1.40832
-6.4 -8 -0.748278
-6 -8 0
-4.8 -8 -6.19916
-2.8 -8 -23.5762
2.4 -8 -169.908
4.4 -8 -280.663
0.4 -4.8 -184.084
-9.6 -10 -1.68632
-9.2 -10 -0.0681802
-8.8 -10 -0.977765
-8.4 -10 -1.72133
-8 -10 0.0076744
-7.6 -10 -1.50395
-7.2 -10 -1.09808
-6.8 -10 0.191196
-6.4 -10 -1.44652
-6 -10 0
-8.8 -9.6 -1.45446
-8.4 -9.6 -0.285371
-8 -9.6 -2.14301
-7.6 -9.6 -0.498908
-7.2 -9.6 -1.12002
-6.8 -9.6 -1.70579
-6.4 -9.6 -0.0175178
-6 -9.6 -1.78926
-8 -9.2 0.607054
-7.6 -9.2 -1.03763
-7.2 -9.2 -0.0100964
-6.8 -9.2 0.0300408
-6.4 -9.2 -0.937456
-6 -9.2 0.777137
-7.2 -8.8 0.099073
-6.4 -8.8 0.988461
-6 -8.8 0.215954
-6.4 -8.4 1.191
-6 -2.8 -684.769
-5.6 -9.6 -0.297116
-5.2 -9.6 0.00309179
-5.6 -9.2 -1.26591
-5.2 -9.2 0.323167
-4.8 -9.2 -0.525343
-4.4 -9.2 -0.81125
-5.6 -8.8 1.29282
-5.2 -8.8 -0.676432
-4.4 -8.8 -0.741951
-4 -8.8 0.48134
-3.6 -8.8 -0.825024
-5.6 -8.4 0.520433
-5.2 -8.4 0.791332
-4.8 -8.4 0.0293116
-4.4 -8.4 1.28046
-4 -8.4 -0.18101
-3.6 -8.4 1.44268
-3.2 -8.4 -0.825964
-2.8 -8.4 0.455558
-5.6 -8 -1.68767
-5.2 -8 -0.148143
-4.4 -8 0.552093
-4 -8 -0.124492
-3.6 -8 1.32635
-3.2 -8 0.598393
-2.4 -8 0.246235
-2 -8 0
4.4 -4.8 24.079
-5.6 -10 0.449949
-5.2 -10 -0.829663
-4.8 -10 1.1416
-4.4 -10 0.552289
-4 -10 -0.00575346
-3.6 -10 1.86568
-3.2 -10 0.414655
-2.8 -10 0.737438
-2.4 -10 1.89873
-2 -10 0
-4.8 -9.6 -1.0999
-4.4 -9.6 0.858767
-4 -9.6 -0.661086
-3.6 -9.6 0.0905222
-3.2 -9.6 0.81968
-2.8 -9.6 -0.73658
-2.4 -9.6 1.15527
-2 -9.6 -0.0506929
-4 -9.2 0.30175
-3.6 -9.2 -1.47233
-3.2 -9.2 0.452674
-2.8 -9.2 -1.03104
-2.4 -9.2 -0.33321
-2 -9.2 0.0271418
-3.2 -8.8 -0.813083
-2.4 -8.8 -1.63321
-2 -8.8 0.0314517
-2.4 -8.4 -1.74668
-2 -2.8 198.337
-1.6 -9.6 -0.233818
-1.2 -9.6 0.885382
-1.6 -9.2 -1.30917
-1.2 -9.2 0.647664
-0.8 -9.2 -1.03534
-0.4 -9.2 0.511675
-1.6 -8.8 -2.01877
-1.2 -8.8 0.0646709
-0.8 -8.8 -1.18488
-0.4 -8.8 0.26389
0 -8.8 0.219984
0.4 -8.8 -0.00731669
-1.6 -8.4 -2.02811
-1.2 -8.4 -0.572919
-0.8 -8.4 -1.26918
-0.4 -8.4 -0.152588
0 -8.4 0.132111
0.4 -8.4 0.325113
0.8 -8.4 1.16661
1.2 -8.4 0.0118638
-1.6 -8 -1.15911
-1.2 -8 -0.928116
-0.8 -8 -1.0452
-0.4 -8 -0.464057
0 -8 0
0.4 -8 0.464057
0.8 -8 1.0452
1.2 -8 0.928116
1.6 -8 1.15911
2 -8 0
-1.6 -10 1.08614
-1.2 -10 1.17485
-0.8 -10 -0.544986
-0.4 -10 0.984645
0 -10 0
0.4 -10 -0.984645
0.8 -10 0.544986
1.2 -10 -1.17485
1.6 -10 -1.08614
2 -10 0
-0.8 -9.6 -0.964414
-0.4 -9.6 0.630218
0 -9.6 -0.0687268
0.4 -9.6 -0.779034
0.8 -9.6 0.781511
1.2 -9.6 -1.1251
1.6 -9.6 0.0479848
2 -9.6 0.0506929
0 -9.2 0.086092
0.4 -9.2 -0.362216
0.8 -9.2 1.08406
1.2 -9.2 -0.742456
1.6 -9.2 1.15563
2 -9.2 -0.0271418
0.8 -8.8 1.19343
1.2 -8.8 -0.266576
1.6 -8.8 1.77151
2 -8.8 -0.0314517
1.6 -8.4 1.5611
2 -2.8 -198.337
2 4.4 -1855.31
2.4 -9.6 -0.775191
2.8 -9.6 1.23667
2.4 -9.2 0.440211
2.8 -9.2 1.18564
3.2 -9.2 -0.399286
3.6 -9.2 1.1863
2.4 -8.8 1.50611
2.8 -8.8 0.211866
3.2 -8.8 0.76614
3.6 -8.8 0.806547
4 -8.8 -0.330793
4.4 -8.8 0.576257
2.4 -8.4 1.42444
2.8 -8.4 -0.758119
3.2 -8.4 1.20359
3.6 -8.4 -0.627491
4 -8.4 1.19112
4.4 -8.4 -0.31806
4.8 -8.4 0.642752
5.2 -8.4 -0.652242
2.8 -8 -1.40037
3.2 -8 -0.598393
3.6 -8 -1.32635
4 -8 0.124492
4.8 -8 1.14547
5.2 -8 0.148143
5.6 -8 1.68767
6 -8 0
2.4 -10 -1.89873
2.8 -10 -0.737438
3.2 -10 -0.414655
3.6 -10 -1.86568
4 -10 0.00575346
4.4 -10 -0.552289
4.8 -10 -1.1416
5.2 -10 0.829663
5.6 -10 -0.449949
6 -10 0
3.2 -9.6 -0.379275
3.6 -9.6 0.305196
4 -9.6 1.02712
4.4 -9.6 -0.507424
4.8 -9.6 1.45156
5.2 -9.6 0.363875
5.6 -9.6 0.470724
6 -9.6 1.78926
4 -9.2 -0.58059
4.4 -9.2 0.569597
4.8 -9.2 0.407828
5.2 -9.2 -0.418629
5.6 -9.2 1.17982
6 -9.2 -0.777137
4.8 -8.8 -1.34966
5.2 -8.8 0.505011
5.6 -8.8 -1.44538
6 -8.8 -0.215954
5.6 -8.4 -0.546217
6 -2.8 684.769
6.4 -9.6 -0.166871
6.8 -9.6 1.30799
6.4 -9.2 0.990425
6.8 -9.2 0.10925
7.2 -9.2 0.224774
7.6 -9.2 1.27247
6.4 -8.8 -1.00826
6.8 -8.8 -0.793277
7.2 -8.8 0.0844194
7.6 -8.8 -0.940755
8 -8.8 1.06822
8.4 -8.8 -0.674274
6.4 -8.4 -1.59369
6.8 -8.4 -0.778633
7.2 -8.4 -1.9253
7.6 -8.4 -0.134983
8 -8.4 -1.60334
8.4 -8.4 0.687888
8.8 -8.4 -0.948685
9.2 -8.4 1.29821
6.4 -8 0.748278
6.8 -8 -1.40832
7.2 -8 0.046812
7.6 -8 -1.74888
8 -8 0.207708
8.4 -8 -1.3852
8.8 -8 0.865949
9.2 -8 -0.680947
9.6 -8 1.65669
10 -8 0
6.4 -10 1.44652
6.8 -10 -0.191196
7.2 -10 1.09808
7.6 -10 1.50395
8 -10 -0.0076744
8.4 -10 1.72133
8.8 -10 0.977765
9.2 -10 0.0681802
9.6 -10 1.68632
10 -10 0
7.2 -9.6 0.739108
7.6 -9.6 0.137296
8 -9.6 1.80312
8.4 -9.6 -0.0303571
8.8 -9.6 1.16531
9.2 -9.6 1.1528
9.6 -9.6 -0.1103
10 -9.6 1.67389
8 -9.2 -0.397583
8.4 -9.2 1.56435
8.8 -9.2 -0.0030862
9.2 -9.2 0.892531
9.6 -9.2 1.11861
10 -9.2 0.0569146
8.8 -8.8 1.31322
9.2 -8.8 -0.100994
9.6 -8.8 1.06856
10 -8.8 0.974642
9.6 -8.4 -0.224637
10 -8.4 1.72672
10 -2.8 -6.07657
-10 -7.6 -1.50921
-9.6 -7.6 0.817194
-9.2 -7.6 -0.0489276
-10 -7.2 -1.09506
-9.6 -7.2 0.231354
-9.2 -7.2 1.03242
-8.8 -7.2 0.31287
-8.4 -7.2 1.14978
-10 -6.8 0.202085
-9.6 -6.8 -0.328917
-9.2 -6.8 1.10725
-8.8 -6.8 1.09865
-8.4 -6.8 0.16166
-8 -6.8 0.995133
-7.6 -6.8 -1.61313
-9.6 -6.4 1.36874
-9.2 -6.4 0.148987
-8.8 -6.4 1.23835
-8.4 -6.4 1.20492
-8 -6.4 -0.328085
-7.6 -6.4 0.92095
-7.2 -6.4 -1.6065
-6.8 -6.4 -1.01157
-10 -6 0
-9.6 -6 -0.416048
-9.2 -6 1.84104
-8.8 -6 0.425359
-8.4 -6 0.768525
-8 -6 1.41423
-7.6 -6 -0.713135
-7.2 -6 0.586863
-6.8 -6 -0.546226
-6.4 -6 -1.46165
-6 -6 0
-4.8 -6 0.401475
-2.8 -6 10.5909
2.4 -6 133.905
4.4 -6 239.564
0.4 -2.8 178.207
-8.8 -7.6 1.07587
-8.4 -7.6 -0.779284
-8 -7.6 0.856146
-7.6 -7.6 -1.01113
-7.2 -7.6 0.881128
-6.8 -7.6 -1.10507
-6.4 -7.6 0.783572
-6 -7.6 -1.42328
-8 -7.2 -0.979755
-7.6 -7.2 0.572229
-7.2 -7.2 -1.45503
-6.8 -7.2 0.626821
-6.4 -7.2 -0.954082
-6 -7.2 0.949763
-7.2 -6.8 0.158962
-6.8 -6.8 -1.38496
-6.4 -6.8 0.358051
-6 -6.8 0.679098
-6.4 -6.4 -0.610281
-5.6 -7.6 0.66856
-5.2 -7.6 -0.773386
-5.6 -7.2 -0.679216
-5.2 -7.2 -0.0338814
-4.8 -7.2 -0.117517
-4.4 -7.2 0.0278615
-5.6 -6.8 -0.213286
-5.2 -6.8 0.540611
-4.8 -6.8 -1.2712
-4.4 -6.8 0.659216
-4 -6.8 -1.11927
-3.6 -6.8 0.530905
-5.6 -6.4 1.1392
-5.2 -6.4 -0.946544
-4.8 -6.4 0.57303
-4.4 -6.4 -0.2098
-4 -6.4 -0.562342
-3.6 -6.4 0.71051
-3.2 -6.4 -1.26697
-2.8 -6.4 0.312519
-5.6 -6 -1.45309
-5.2 -6 -0.0278092
-4.4 -6 -0.458251
-4 -6 1.66702
-3.6 -6 0.523542
-3.2 -6 0.543069
-2.4 -6 -0.760242
-2 -6 0
4.4 -2.8 61.3655
-4.8 -7.6 0.484029
-4.4 -7.6 -1.61079
-4 -7.6 0.177497
-3.6 -7.6 -1.22596
-3.2 -7.6 0.633455
-2.8 -7.6 -0.398869
-2.4 -7.6 1.08142
-2 -7.6 0.0891692
-4 -7.2 0.0322785
-3.6 -7.2 -1.46119
-3.2 -7.2 0.20901
-2.8 -7.2 -1.24798
-2.4 -7.2 1.27877
-2 -7.2 -0.0390908
-3.2 -6.8 -0.819757
-2.8 -6.8 -0.737153
-2.4 -6.8 0.529534
-2 -6.8 -0.0381984
-2.4 -6.4 -0.747525
-1.6 -7.6 -0.356576
-1.2 -7.6 -1.60459
-1.6 -7.2 0.480697
-1.2 -7.2 -1.72836
-0.8 -7.2 -0.577747
-0.4 -7.2 -0.904255
-1.6 -6.8 0.65362
-1.2 -6.8 -1.87928
-0.8 -6.8 -0.283996
-0.4 -6.8 -1.15761
0 -6.8 -0.172272
0.4 -6.8 1.0132
-1.6 -6.4 0.16751
-1.2 -6.4 -1.94569
-0.8 -6.4 -0.0621908
-0.4 -6.4 -1.26177
0 -6.4 -0.250876
0.4 -6.4 0.860084
0.8 -6.4 -0.0392983
1.2 -6.4 2.34453
-1.6 -6 -0.816694
-1.2 -6 -1.86463
-0.8 -6 0.126146
-0.4 -6 -1.15729
0 -6 0
0.4 -6 1.15729
0.8 -6 -0.126146
1.2 -6 1.86463
1.6 -6 0.816694
2 -6 0
-0.8 -7.6 -0.697033
-0.4 -7.6 -0.452009
0 -7.6 0.223978
0.4 -7.6 0.810089
0.8 -7.6 0.785485
1.2 -7.6 1.24366
1.6 -7.6 0.0660904
2 -7.6 -0.0891692
0 -7.2 0.144297
0.4 -7.2 1.0131
0.8 -7.2 0.569053
1.2 -7.2 1.6774
1.6 -7.2 -0.521227
2 -7.2 0.0390908
0.8 -6.8 0.370273
1.2 -6.8 2.08158
1.6 -6.8 -0.472551
2 -6.8 0.0381984
1.6 -6.4 0.206799
2.4 -7.6 -0.3459
2.8 -7.6 1.32661
2.4 -7.2 -1.21929
2.8 -7.2 1.25835
3.2 -7.2 -0.299094
3.6 -7.2 1.27652
2.4 -6.8 -0.977216
2.8 -6.8 0.167915
3.2 -6.8 0.512317
3.6 -6.8 -0.135956
4 -6.8 1.38274
4.4 -6.8 -0.657508
2.4 -6.4 -0.0384476
2.8 -6.4 -1.12363
3.2 -6.4 0.815353
3.6 -6.4 -0.867782
4 -6.4 0.634265
4.4 -6.4 0.445769
4.8 -6.4 -0.238164
5.2 -6.4 1.31516
2.8 -6 -1.55406
3.2 -6 -0.543069
3.6 -6 -0.523542
4 -6 -1.66702
4.8 -6 -0.650086
5.2 -6 0.0278092
5.6 -6 1.45309
6 -6 0
3.2 -7.6 -0.770833
3.6 -7.6 0.419224
4 -7.6 -1.25784
4.4 -7.6 0.652605
4.8 -7.6 -0.924306
5.2 -7.6 1.24677
5.6 -7.6 -0.542164
6 -7.6 1.42328
4 -7.2 -0.536976
4.4 -7.2 -0.0610781
4.8 -7.2 -0.392046
5.2 -7.2 -0.590774
5.6 -7.2 0.243493
6 -7.2 -0.949763
4.8 -6.8 0.748544
5.2 -6.8 -1.20019
5.6 -6.8 -0.252996
6 -6.8 -0.679098
5.6 -6.4 -1.10448
6.4 -7.6 0.0931702
6.8 -7.6 1.81349
6.4 -7.2 1.73754
6.8 -7.2 0.292164
7.2 -7.2 1.96708
7.6 -7.2 -0.904077
6.4 -6.8 -0.0379175
6.8 -6.8 1.77443
7.2 -6.8 0.154531
7.6 -6.8 1.8108
8 -6.8 -0.66614
8.4 -6.8 -0.234264
6.4 -6.4 0.097055
6.8 -6.4 0.131453
7.2 -6.4 1.52768
7.6 -6.4 -0.464943
8 -6.4 1.05246
8.4 -6.4 -0.478648
8.8 -6.4 -0.776632
9.2 -6.4 -0.218296
6.4 -6 1.46165
6.8 -6 0.546226
7.2 -6 -0.586863
7.6 -6 0.713135
8 -6 -1.41423
8.4 -6 -0.768525
8.8 -6 -0.425359
9.2 -6 -1.84104
9.6 -6 0.416048
10 -6 0
7.2 -7.6 -0.949586
7.6 -7.6 0.471328
8 -7.6 -1.56176
8.4 -7.6 0.213386
8.8 -7.6 -1.19651
9.2 -7.6 0.67907
9.6 -7.6 -0.2226
10 -7.6 1.50921
8 -7.2 0.355421
8.4 -7.2 -1.45554
8.8 -7.2 -0.176858
9.2 -7.2 -0.627882
9.6 -7.2 0.163009
10 -7.2 1.09506
8.8 -6.8 -1.05007
9.2 -6.8 -0.935858
9.6 -6.8 0.519273
10 -6.8 -0.202085
9.6 -6.4 -1.38616
10 -6.4 1.43454
-10 -5.6 0.442124
-9.6 -5.6 0.620366
-9.2 -5.6 -0.373518
-10 -5.2 -0.83683
-9.6 -5.2 0.702353
-9.2 -5.2 1.18707
-8.8 -5.2 -0.31091
-8.4 -5.2 1.09009
-10 -4.8 1.13958
-9.6 -4.8 -0.422881
-9.2 -4.8 0.292884
-8.8 -4.8 1.45838
-8.4 -4.8 -0.0285761
-8 -4.8 -0.170428
-7.6 -4.8 1.44574
-9.6 -4.4 1.48186
-9.2 -4.4 0.0295238
-8.8 -4.4 -0.603959
-8.4 -4.4 0.785861
-7.6 -4.4 -0.998262
-7.2 -4.4 -0.400892
-6.8 -4.4 0.883065
-10 -4 0
-9.6 -4 -0.127595
-9.2 -4 1.04026
-8.8 -4 0.582086
-8.4 -4 -1.10699
-8 -4 -1.0931
-7.6 -4 0.092772
-7.2 -4 -0.416792
-6.8 -4 -1.88787
-6.4 -4 -1.46044
-6 -4 0
-4.8 -4 -0.128348
-2.8 -4 6.78639
2.4 -4 56.0726
4.4 -4 94.4497
-8.8 -5.6 1.83944
-8.4 -5.6 1.0954
-8 -5.6 0.427104
-7.6 -5.6 1.98731
-7.2 -5.6 0.266532
-6.8 -5.6 0.141996
-6.4 -5.6 1.26613
-6 -5.6 -0.61282
-8 -5.2 1.67131
-7.6 -5.2 0.0363517
-7.2 -5.2 1.17556
-6.8 -5.2 1.50422
-6.4 -5.2 -0.294749
-6 -5.2 0.825785
-7.2 -4.8 0.550788
-6.8 -4.8 -0.431447
-6.4 -4.8 1.09019
-6 -4.8 0.930165
-6.4 -4.4 -0.246677
-5.6 -5.6 -0.0819621
-5.2 -5.6 0.294561
-5.6 -5.2 1.13427
-5.2 -5.2 -0.748679
-4.8 -5.2 0.191818
-4.4 -5.2 0.61648
-5.6 -4.8 -0.659335
-5.2 -4.8 0.437106
-4.8 -4.8 1.09571
-4.4 -4.8 -0.568807
-4 -4.8 -0.195657
-3.6 -4.8 1.06327
-5.6 -4.4 0.35342
-5.2 -4.4 0.732812
-4.8 -4.4 -0.700713
-4.4 -4.4 -0.304291
-3.6 -4.4 0.51273
-3.2 -4.4 -0.579962
-2.8 -4.4 0.632531
-5.6 -4 -0.350468
-5.2 -4 -1.45943
-4.4 -4 0.953409
-4 -4 0.570712
-3.6 -4 -0.423879
-3.2 -4 0.530188
-2.4 -4 1.17959
-2 -4 0
-4.8 -5.6 -1.58776
-4.4 -5.6 -0.178669
-4 -5.6 -0.241285
-3.6 -5.6 -1.57069
-3.2 -5.6 0.213286
-2.8 -5.6 -0.657556
-2.4 -5.6 -1.53535
-2 -5.6 -0.0658768
-4 -5.2 -1.47664
-3.6 -5.2 -0.641423
-3.2 -5.2 -0.0650528
-2.8 -5.2 -1.79131
-2.4 -5.2 -0.758535
-2 -5.2 0.0239611
-3.2 -4.8 -0.636899
-2.8 -4.8 -1.19235
-2.4 -4.8 0.499856
-2 -4.8 0.0184845
-2.4 -4.4 1.23223
-1.6 -5.6 -1.25688
-1.2 -5.6 -0.995333
-1.6 -5.2 -1.56009
-1.2 -5.2 -0.507076
-0.8 -5.2 0.41748
-0.4 -5.2 -1.16984
-1.6 -4.8 -1.08841
-1.2 -4.8 0.407148
-0.8 -4.8 0.540854
-0.4 -4.8 -1.05145
0 -4.8 -0.100828
-1.6 -4.4 -0.148465
-1.2 -4.4 1.30133
-0.8 -4.4 0.706278
-0.4 -4.4 -0.787286
0 -4.4 0.0528932
0.4 -4.4 0.913719
0.8 -4.4 -0.517904
1.2 -4.4 -1.00973
-1.6 -4 0.798854
-1.2 -4 1.755
-0.8 -4 0.598687
-0.4 -4 -0.719091
0 -4 0
0.4 -4 0.719091
0.8 -4 -0.598687
1.2 -4 -1.755
1.6 -4 -0.798854
2 -4 0
-0.8 -5.6 0.324515
-0.4 -5.6 -1.24242
0 -5.6 -0.0944136
0.4 -5.6 1.13317
0.8 -5.6 -0.195064
1.2 -5.6 1.52263
1.6 -5.6 1.66801
2 -5.6 0.0658768
0 -5.2 -0.199033
0.4 -5.2 0.93091
0.8 -5.2 -0.471174
1.2 -5.2 0.631134
1.6 -5.2 1.74013
2 -5.2 -0.0239611
0.8 -4.8 -0.62401
1.2 -4.8 -0.361653
1.6 -4.8 1.19972
2 -4.8 -0.0184845
1.6 -4.4 0.353366
2 -4.4 0.0287393
2.4 -5.6 1.86111
2.8 -5.6 1.14493
2.4 -5.2 0.694279
2.8 -5.2 1.6736
3.2 -5.2 -0.0753659
3.6 -5.2 0.528971
2.4 -4.8 -0.768212
2.8 -4.8 0.841385
3.2 -4.8 0.409009
3.6 -4.8 -0.942462
4 -4.8 0.366791
2.4 -4.4 -1.51878
2.8 -4.4 -0.84493
3.2 -4.4 0.455724
3.6 -4.4 -0.588377
4 -4.4 -1.31191
4.4 -4.4 0.207121
4.8 -4.4 0.533429
5.2 -4.4 -1.00978
2.8 -4 -1.90196
3.2 -4 -0.530188
3.6 -4 0.423879
4 -4 -0.570712
4.8 -4 0.616489
5.2 -4 1.45943
5.6 -4 0.350468
6 -4 0
3.2 -5.6 -0.129963
3.6 -5.6 1.35164
4 -5.6 -0.178455
4.4 -5.6 -0.340085
4.8 -5.6 1.07167
5.2 -5.6 -0.706312
5.6 -5.6 -0.097939
6 -5.6 0.61282
4 -5.2 1.41237
4.4 -5.2 -0.429226
4.8 -5.2 0.037219
5.2 -5.2 0.973725
5.6 -5.2 -0.978923
6 -5.2 -0.825785
4.8 -4.8 -0.849824
5.2 -4.8 -0.167132
5.6 -4.8 0.853993
6 -4.8 -0.930165
5.6 -4.4 -0.415384
6.4 -5.6 -1.43903
6.8 -5.6 -0.331981
6.4 -5.2 0.222607
6.8 -5.2 -1.56444
7.2 -5.2 -1.18251
7.6 -5.2 0.00862888
6.4 -4.8 -1.0786
6.8 -4.8 0.466909
7.2 -4.8 -0.521852
7.6 -4.8 -1.49644
8 -4.8 0.0737209
8.4 -4.8 -0.0452413
6.4 -4.4 0.324942
6.8 -4.4 -0.785999
7.2 -4.4 0.423399
7.6 -4.4 0.980656
8.4 -4.4 -0.780353
8.8 -4.4 0.672695
9.2 -4.4 0.136886
6.4 -4 1.46044
6.8 -4 1.88787
7.2 -4 0.416792
7.6 -4 -0.092772
8 -4 1.0931
8.4 -4 1.10699
8.8 -4 -0.582086
9.2 -4 -1.04026
9.6 -4 0.127595
10 -4 0
7.2 -5.6 -0.139469
7.6 -5.6 -1.67016
8 -5.6 -0.0468446
8.4 -5.6 -0.778987
8.8 -5.6 -1.71385
9.2 -5.6 0.181327
9.6 -5.6 -0.814783
10 -5.6 -0.442124
8 -5.2 -1.49899
8.4 -5.2 -1.04437
8.8 -5.2 0.27012
9.2 -5.2 -1.29278
9.6 -5.2 -0.808707
10 -5.2 0.83683
8.8 -4.8 -1.45435
9.2 -4.8 -0.279065
9.6 -4.8 0.42112
10 -4.8 -1.13958
9.6 -4.4 -1.3625
10 -4.4 -0.555905
-10 -3.6 1.87006
-9.6 -3.6 -0.230273
-9.2 -3.6 -1.62234
-10 -3.2 0.412064
-9.6 -3.2 0.3643
-9.2 -3.2 0.132087
-8.8 -3.2 -0.87102
-8.4 -3.2 -1.3611
-10 -2.8 0.727996
-9.6 -2.8 -1.31513
-9.2 -2.8 -1.49948
-8.8 -2.8 -0.46368
-8.4 -2.8 0.406038
-8 -2.8 0.325998
-7.6 -2.8 -0.214778
-9.6 -2.4 0.470678
-9.2 -2.4 -0.921087
-8.8 -2.4 -1.81327
-8.4 -2.4 -1.66754
-7.6 -2.4 0.961531
-7.2 -2.4 1.75248
-6.8 -2.4 1.31611
-10 -2 0
-9.6 -2 -0.818511
-9.2 -2 -0.646043
-8.8 -2 -0.144372
-8.4 -2 0.184623
-8 -2 0.188189
-7.6 -2 0.0401479
-7.2 -2 0.0202578
-6.8 -2 0.229306
-6.4 -2 0.41277
-6 -2 0
-4.8 -2 -10.224
-2.8 -2 -58.663
2.4 -2 -532.856
4.4 -2 -911.415
-8.8 -3.6 -1.0121
-8.4 -3.6 0.10193
-8 -3.6 -0.322287
-7.6 -3.6 -1.53489
-7.2 -3.6 -1.26828
-6.8 -3.6 0.349152
-6.4 -3.6 1.04627
-6 -3.6 0.389017
-8 -3.2 -1.01976
-7.6 -3.2 0.0958658
-7.2 -3.2 0.324473
-6.8 -3.2 -0.517392
-6.4 -3.2 -0.849057
-6 -3.2 0.443921
-7.2 -2.8 -0.974598
-6.8 -2.8 -0.430279
-6.4 -2.8 0.558454
-6.4 -2.4 -0.479908
-5.6 -3.6 -0.806518
-5.2 -3.6 -0.110058
-5.6 -3.2 1.24644
-5.2 -3.2 1.07342
-4.8 -3.2 -0.10609
-4.4 -3.2 -0.689219
-5.6 -2.8 -0.148905
-5.2 -2.8 -1.03314
-4.8 -2.8 -0.793128
-4.4 -2.8 0.378319
-4 -2.8 1.3118
-3.6 -2.8 1.1486
-5.6 -2.4 -1.44711
-5.2 -2.4 -0.47052
-4.8 -2.4 0.483705
-4.4 -2.4 0.721956
-3.6 -2.4 -0.54522
-3.2 -2.4 -0.732281
-2.8 -2.4 -0.172325
-5.6 -2 0.603613
-5.2 -2 0.649545
-4.4 -2 -0.375229
-4 -2 -0.646696
-3.6 -2 -0.39718
-3.2 -2 0.225761
-2.4 -2 0.790685
-2 -2 0
-4.8 -3.6 0.372352
-4.4 -3.6 -0.697082
-4 -3.6 -1.82795
-3.6 -3.6 -1.13164
-3.2 -3.6 0.359678
-2.8 -3.6 0.453762
-2.4 -3.6 -0.423464
-2 -3.6 -0.00304925
-4 -3.2 -0.67418
-3.6 -3.2 -0.0141001
-3.2 -3.2 -0.293878
-2.8 -3.2 -1.3368
-2.4 -3.2 -1.48487
-2 -3.2 0.00776679
-3.2 -2.8 -0.841675
-2.8 -2.8 -1.88382
-2.4 -2.8 -1.37497
-2.4 -2.4 -0.180705
-1.6 -3.6 1.97359
-1.2 -3.6 2.27143
-1.6 -3.2 2.12254
-1.2 -3.2 2.12192
-0.8 -3.2 0.596622
-0.4 -3.2 -0.554042
-1.6 -2.8 1.67797
-1.2 -2.8 1.44205
-0.8 -2.8 0.358337
-0.4 -2.8 -0.245095
0 -2.8 -0.039245
-1.6 -2.4 1.01042
-1.2 -2.4 0.720509
-0.8 -2.4 0.0520856
-0.4 -2.4 -0.215641
0 -2.4 0.0129074
0.4 -2.4 0.237315
0.8 -2.4 -0.0428338
1.2 -2.4 -0.731961
-1.6 -2 0.64286
-1.2 -2 0.457026
-0.8 -2 0.0859543
-0.4 -2 -0.0754315
0 -2 0
0.4 -2 0.0754315
0.8 -2 -0.0859543
1.2 -2 -0.457026
1.6 -2 -0.64286
-0.8 -3.6 0.513666
-0.4 -3.6 -0.747657
0 -3.6 -0.217366
0.4 -3.6 0.400893
0.8 -3.6 -0.596524
1.2 -3.6 -1.91444
1.6 -3.6 -1.47546
2 -3.6 0.00304925
0 -3.2 -0.192761
0.4 -3.2 0.344458
0.8 -3.2 -0.288409
1.2 -3.2 -1.48773
1.6 -3.2 -1.53187
2 -3.2 -0.00776679
0.8 -2.8 -0.0961789
1.2 -2.8 -0.930676
1.6 -2.8 -1.19476
1.6 -2.4 -0.834676
2 -2.4 0.0455467
2.4 -3.6 0.542838
2.8 -3.6 0.165348
2.4 -3.2 0.725575
2.8 -3.2 0.33632
3.2 -3.2 -0.438777
3.6 -3.2 0.0492178
2.4 -2.8 0.454991
2.8 -2.8 0.699687
3.2 -2.8 0.0401514
3.6 -2.8 -0.92983
4 -2.8 -1.04551
2.4 -2.4 -0.181999
2.8 -2.4 0.24049
3.2 -2.4 0.497132
3.6 -2.4 0.0798397
4 -2.4 -0.80292
4.4 -2.4 -1.42855
4.8 -2.4 -1.20128
5.2 -2.4 -0.184958
2.8 -2 -0.78254
3.2 -2 -0.225761
3.6 -2 0.39718
4.8 -2 -0.200748
5.2 -2 -0.649545
5.6 -2 -0.603613
3.2 -3.6 -0.452835
3.6 -3.6 0.522195
4 -3.6 0.898188
4.4 -3.6 -0.357019
4.8 -3.6 -1.35481
5.2 -3.6 -0.60479
5.6 -3.6 0.358812
6 -3.6 -0.389017
4 -3.2 0.735648
4.4 -3.2 1.16899
4.8 -3.2 0.235491
5.2 -3.2 -1.14683
5.6 -3.2 -1.366
6 -3.2 -0.443921
4.8 -2.8 0.92995
5.2 -2.8 0.979527
5.6 -2.8 0.0466596
5.6 -2.4 1.05135
6.4 -3.6 -1.27015
6.8 -3.6 -0.0745615
6.4 -3.2 -0.136552
6.8 -3.2 -0.642202
7.2 -3.2 -1.05358
7.6 -3.2 0.00282251
6.4 -2.8 -1.64821
6.8 -2.8 -0.848346
7.2 -2.8 0.200851
7.6 -2.8 0.432497
8 -2.8 0.0106023
8.4 -2.8 -0.0693968
6.4 -2.4 -0.0564265
6.8 -2.4 -1.39861
7.2 -2.4 -1.74589
7.6 -2.4 -0.925274
8.4 -2.4 1.58487
8.8 -2.4 1.58201
9.2 -2.4 0.481819
6.4 -2 -0.41277
6.8 -2 -0.229306
7.2 -2 -0.0202578
7.6 -2 -0.0401479
8 -2 -0.188189
8.4 -2 -0.184623
8.8 -2 0.144372
9.2 -2 0.646043
9.6 -2 0.818511
10 -2 0
7.2 -3.6 1.45248
7.6 -3.6 1.60225
8 -3.6 0.246367
8.4 -3.6 -0.347586
8.8 -3.6 0.570255
9.2 -3.6 0.957856
9.6 -3.6 -0.43734
10 -3.6 -1.87006
8 -3.2 1.30141
8.4 -3.2 1.77282
8.8 -3.2 0.672444
9.2 -3.2 -0.740813
9.6 -3.2 -0.975885
10 -3.2 -0.412064
8.8 -2.8 0.293256
9.2 -2.8 0.965827
9.6 -2.8 0.769227
9.6 -2.4 -0.941232
10 -2.4 -1.88825
-10 -1.6 1.08415
-9.6 -1.6 -0.164535
-9.2 -1.6 -1.20092
-10 -1.2 1.17314
-9.6 -1.2 1.00892
-9.2 -1.2 0.70705
-8.8 -1.2 0.237396
-8.4 -1.2 -0.379167
-10 -0.8 -0.545412
-9.2 -0.8 -1.09342
-8.8 -0.8 -1.17003
-8.4 -0.8 -1.13827
-8 -0.8 -1.02489
-10 -0.4 0.985214
-9.6 -0.4 0.688043
-9.2 -0.4 0.39378
-8.8 -0.4 0.105751
-8.4 -0.4 -0.172383
-8 -0.4 -0.436719
-7.6 -0.4 -0.683214
-7.2 -0.4 -0.907785
-6.8 -0.4 -1.10642
2.4 0 0
4.4 0 0
-8.8 -1.6 -2.03627
-8.4 -1.6 -1.85245
-8 -1.6 -0.931114
-7.6 -1.6 0.326005
-7.2 -1.6 1.48089
-6.8 -1.6 2.15746
-6.4 -1.6 2.11524
-6 -1.6 1.26937
-8 -1.2 -1.05999
-7.6 -1.2 -1.31494
-7.2 -1.2 -1.22674
-6.8 -1.2 -0.893404
-6.4 -1.2 -0.449072
-6 -1.2 -0.0765762
-7.2 -0.8 -0.673079
-6.8 -0.8 -0.229347
-6.4 -0.8 0.255171
-6 -0.8 0.573159
-6.4 -0.4 -1.51077
-6 -0.4 -1.7533
-5.6 -1.6 -0.103585
-5.2 -1.6 -1.30399
-5.6 -1.2 0.156461
-5.2 -1.2 0.481461
-4.8 -1.2 0.793054
-4.4 -1.2 0.988071
-5.6 -0.8 0.741879
-5.2 -0.8 0.809365
-4.8 -0.8 0.787989
-4.4 -0.8 0.698895
-4 -0.8 0.569858
-3.6 -0.8 0.432461
-5.6 -0.4 -1.62453
-5.2 -0.4 -1.47694
-4.8 -0.4 -1.30826
-4.4 -0.4 -1.1168
-4 -0.4 -0.901461
-3.6 -0.4 -0.661807
-3.2 -0.4 -0.398041
-2.8 -0.4 -0.11102
-4.8 -1.6 -1.77238
-4.4 -1.6 -1.67047
-4 -1.6 -1.1452
-3.6 -1.6 -0.451046
-3.2 -1.6 0.139231
-2.8 -1.6 0.431163
-2.4 -1.6 0.374104
-2 -1.6 0.0698631
-4 -1.2 0.50838
-3.6 -1.2 0.128185
-3.2 -1.2 -0.165059
-2.8 -1.2 -0.336701
-2.4 -1.2 -0.319241
-2 -1.2 -0.0341145
-3.2 -0.8 -0.464735
-2.8 -0.8 -0.837335
-2.4 -0.8 -0.690338
-2 -0.8 -0.0368307
-2.4 -0.4 -0.328334
-2 -0.4 0.0882819
-1.6 -1.6 -0.140831
-1.2 -1.6 -0.202759
-1.6 -1.2 -0.227816
-1.2 -1.2 -0.260654
-0.8 -1.2 -0.120916
-0.4 -1.2 0.152462
-1.6 -0.8 -0.0998167
-1.2 -0.8 -0.0998728
-0.8 -0.8 -0.0510936
-0.4 -0.8 0.0239818
0 -0.8 0.0966583
0.4 -0.8 0.134998
-1.6 -0.4 0.0804052
-1.2 -0.4 0.070616
-0.8 -0.4 0.0554548
-0.4 -0.4 0.031161
0 -0.4 -0.00623118
0.4 -0.4 -0.0607917
0.8 -0.4 -0.13659
1.2 -0.4 -0.237593
0.4 0 0
0.8 0 0
1.2 0 0
1.6 0 0
-0.8 -1.6 0.0256699
-0.4 -1.6 0.139405
0 -1.6 0.193952
0.4 -1.6 0.151258
0.8 -1.6 -0.0267319
1.2 -1.6 -0.284512
1.6 -1.6 -0.416489
2 -1.6 -0.0698631
0 -1.2 0.230114
0.4 -1.2 0.113283
0.8 -1.2 -0.104078
1.2 -1.2 -0.304425
1.6 -1.2 -0.328371
2 -1.2 0.0341145
0.8 -0.8 -0.133864
1.2 -0.8 -0.358441
1.6 -0.8 -0.362952
2 -0.8 0.0368307
1.6 -0.4 -0.357469
2 -0.4 -0.0882819
2.4 -1.6 -0.137084
2.8 -1.6 0.177214
2.4 -1.2 -0.167717
2.8 -1.2 -0.332739
3.2 -1.2 -0.353531
3.6 -1.2 -0.133738
2.4 -0.8 0.00488333
2.8 -0.8 -0.0589587
3.2 -0.8 -0.138925
3.6 -0.8 -0.21116
4 -0.8 -0.246146
4.4 -0.8 -0.211698
2.4 -0.4 -0.0301363
2.8 -0.4 0.038836
3.2 -0.4 0.116568
4 -0.4 0.29302
4.4 -0.4 0.390677
4.8 -0.4 0.494999
5.2 -0.4 0.60707
2.8 0 0
3.2 0 0
3.6 0 0
4.8 0 0
3.2 -1.6 -0.232449
3.6 -1.6 -0.168438
4 -1.6 0.174775
4.4 -1.6 0.524439
4.8 -1.6 0.626065
5.2 -1.6 0.332729
5.6 -1.6 -0.348193
6 -1.6 -1.26937
4 -1.2 -0.425988
4.4 -1.2 -0.467077
4.8 -1.2 -0.320435
5.2 -1.2 -0.0925629
5.6 -1.2 0.0845168
6 -1.2 0.0765762
4.8 -0.8 -0.302696
5.2 -0.8 -0.386669
5.6 -0.8 -0.471329
6 -0.8 -0.573159
6 -0.4 1.7533
6.4 -1.6 -1.03216
6.8 -1.6 -0.664096
6.4 -1.2 0.71836
6.8 -1.2 1.01962
7.2 -1.2 0.987431
7.6 -1.2 0.677602
6.4 -0.8 -0.289712
6.8 -0.8 0.00832517
7.2 -0.8 0.303561
7.6 -0.8 0.570906
8 -0.8 0.780118
8.4 -0.8 0.898877
6.4 -0.4 1.68237
6.8 -0.4 1.55808
7.2 -0.4 1.38404
8 -0.4 0.902215
8.4 -0.4 0.602534
8.8 -0.4 0.269079
9.2 -0.4 -0.0942495
7.2 -1.6 -0.923471
7.6 -1.6 -0.389979
8 -1.6 0.560294
8.4 -1.6 1.48934
8.8 -1.6 1.9954
9.2 -1.6 1.79686
9.6 -1.6 0.768484
10 -1.6 -1.08415
8 -1.2 0.25767
8.4 -1.2 0.0409731
8.8 -1.2 -0.064096
9.2 -1.2 -0.18027
9.6 -1.2 -0.476594
10 -1.2 -1.17314
8.8 -0.8 1.30628
9.2 -0.8 1.5214
9.6 -0.8 1.33462
10 -0.8 0.545412
9.6 -0.4 -0.343448
10 -0.4 -0.985214
