-10 5.2 -0.986628
-9.6 5.2 0.338651
-9.2 5.2 0.656455
-10 5.6 0.521551
-9.6 5.6 0.345644
-9.2 5.6 -0.950399
-8.8 5.6 0.833539
-8.4 5.6 -0.0837914
-8 5.6 -0.729577
-7.6 5.6 0.988994
-10 6 0.304811
-9.6 6 -0.868085
-9.2 6 0.975431
-8.8 6 -0.570468
-8.4 6 -0.134112
-8 6 0.768255
-7.6 6 -0.9989
-7.2 6 0.704911
-6.8 6 -0.0406933
-6.4 6 -0.644897
-6 6 0.991779
-4.8 6 0.501789
-2.8 6 0.887567
2.4 6 0.965658
4.4 6 0.954285
-4.4 6.4 -0.114085
-8.8 5.2 -0.978671
-8.4 5.2 0.297714
-8 5.2 0.688411
-7.6 5.2 -0.96889
-7.2 5.2 0.256222
-6.8 5.2 0.719082
-6.4 5.2 -0.957302
-6 5.2 0.214253
-7.2 5.6 -0.497491
-6.8 5.6 -0.371745
-6.4 5.6 0.958724
-6 5.6 -0.817766
-5.6 5.2 0.748413
-5.2 5.2 -0.943928
-5.6 5.6 0.0558974
-5.2 5.6 0.748413
-4.8 5.6 -0.984471
-4.4 5.6 0.473043
-4 5.6 0.397556
-3.6 5.6 -0.966299
-5.6 6 -0.817766
-5.2 6 0.214253
-4.4 6 -0.954285
-4 6 0.905578
-3.6 6 -0.38125
-3.2 6 -0.343315
-2.4 6 -0.965658
-2 6 0.536573
-4.8 5.2 0.171883
-4.4 5.2 0.776348
-4 5.2 -0.928795
-3.6 5.2 0.129194
-3.2 5.2 0.802836
-2.8 5.2 -0.91193
-2.4 5.2 0.0862633
-2 5.2 0.827826
-3.2 5.6 0.801354
-2.8 5.6 -0.0279596
-2.4 5.6 -0.766664
-2 5.6 0.979178
-1.6 5.2 -0.893364
-1.2 5.2 0.0431719
-1.6 5.6 -0.448224
-1.2 5.6 -0.423055
-0.8 5.6 0.973119
-0.4 5.6 -0.784316
0 5.6 0
0.4 5.6 0.784316
-1.6 6 0.174327
-1.2 6 -0.793668
-0.8 6 0.996165
-0.4 6 -0.675463
0 6 0
0.4 6 0.675463
0.8 6 -0.996165
1.2 6 0.793668
1.6 6 -0.174327
2 6 -0.536573
-0.8 5.2 0.851273
-0.4 5.2 -0.873133
0 5.2 0
0.4 5.2 0.873133
0.8 5.2 -0.851273
1.2 5.2 -0.0431719
1.6 5.2 0.893364
2 5.2 -0.827826
0.8 5.6 -0.973119
1.2 5.6 0.423055
1.6 5.6 0.448224
2 5.6 -0.979178
2.4 5.2 -0.0862633
2.8 5.2 0.91193
2.4 5.6 0.766664
2.8 5.6 0.0279596
3.2 5.6 -0.801354
3.6 5.6 0.966299
4 5.6 -0.397556
4.4 5.6 -0.473043
2.8 6 -0.887567
3.2 6 0.343315
3.6 6 0.38125
4 6 -0.905578
4.8 6 -0.501789
5.2 6 -0.214253
5.6 6 0.817766
6 6 -0.991779
3.2 5.2 -0.802836
3.6 5.2 -0.129194
4 5.2 0.928795
4.4 5.2 -0.776348
4.8 5.2 -0.171883
5.2 5.2 0.943928
5.6 5.2 -0.748413
6 5.2 -0.214253
4.8 5.6 0.984471
5.2 5.6 -0.748413
5.6 5.6 -0.0558974
6 5.6 0.817766
-4.4 2.4 0.906628
6.4 5.2 0.957302
6.8 5.2 -0.719082
6.4 5.6 -0.958724
6.8 5.6 0.371745
7.2 5.6 0.497491
7.6 5.6 -0.988994
8 5.6 0.729577
8.4 5.6 0.0837914
6.4 6 0.644897
6.8 6 0.0406933
7.2 6 -0.704911
7.6 6 0.9989
8 6 -0.768255
8.4 6 0.134112
8.8 6 0.570468
9.2 6 -0.975431
9.6 6 0.868085
10 6 -0.304811
7.2 5.2 -0.256222
7.6 5.2 0.96889
8 5.2 -0.688411
8.4 5.2 -0.297714
8.8 5.2 0.978671
9.2 5.2 -0.656455
9.6 5.2 -0.338651
10 5.2 0.986628
8.8 5.6 -0.833539
9.2 5.6 0.950399
9.6 5.6 -0.345644
10 5.6 -0.521551
-10 -8.4 0.73319
-10 6.4 -0.920026
-9.6 6.4 0.984032
-9.2 6.4 -0.724467
-8.8 6.4 0.22668
-8.4 6.4 0.345644
-10 6.8 0.897928
-9.6 6.8 -0.639191
-9.2 6.8 0.268517
-8.8 6.8 0.149181
-8.4 6.8 -0.540753
-8 6.8 0.837627
-7.6 6.8 -0.987813
-7.2 6.8 0.96501
-6.8 6.8 -0.773211
-3.6 7.6 -0.792156
-8 6.4 -0.804312
-7.6 6.4 0.998505
-7.2 6.4 -0.864367
-6.8 6.4 0.446005
-6.4 6.4 0.119013
-6 6.4 -0.644897
-6.4 6.8 0.446005
-6 6.8 -0.0406933
-6 -8.4 0.134112
-5.6 6.4 0.958724
-5.2 6.4 -0.957302
-4.8 6.4 0.641097
-5.6 6.8 -0.371745
-5.2 6.8 0.719082
-4.8 6.8 -0.940491
-4.4 6.8 0.997199
-4 6.8 -0.879273
-3.6 6.8 0.607366
-3.2 6.8 -0.229096
-2.8 6.8 -0.189295
0.4 7.6 0.101418
8.4 9.6 -0.863117
-4 6.4 -0.450441
-3.6 6.4 0.866851
-3.2 6.4 -0.998222
-2.8 6.4 0.801354
-2.4 6.4 -0.340984
-2 6.4 -0.23151
-2.4 6.8 0.574536
-2 6.8 -0.859162
-2 -8.4 -0.887567
-1.6 6.4 0.727878
-1.2 6.4 -0.984903
-0.8 6.4 0.91807
-0.4 6.4 -0.549355
-1.6 6.8 0.993329
-1.2 6.8 -0.953541
-0.8 6.8 0.746765
-0.4 6.8 -0.409214
0 6.8 0
0.4 6.8 0.409214
0.8 6.8 -0.746765
1.2 6.8 0.953541
4.4 7.6 0.899017
0 6.4 0
0.4 6.4 0.549355
0.8 6.4 -0.91807
1.2 6.4 0.984903
1.6 6.4 -0.727878
2 6.4 0.23151
1.6 6.8 -0.993329
2 6.8 0.859162
2 -8.4 0.887567
-9.2 3.2 0.919051
-7.6 3.6 -0.792156
2.4 6.4 0.340984
2.8 6.4 -0.801354
3.2 6.4 0.998222
3.6 6.4 -0.866851
2.4 6.8 -0.574536
2.8 6.8 0.189295
3.2 6.8 0.229096
3.6 6.8 -0.607366
4 6.8 0.879273
4.4 6.8 -0.997199
4.8 6.8 0.940491
5.2 6.8 -0.719082
4 6.4 0.450441
4.4 6.4 0.114085
4.8 6.4 -0.641097
5.2 6.4 0.957302
5.6 6.4 -0.958724
6 6.4 0.644897
5.6 6.8 0.371745
6 6.8 0.0406933
6 -8.4 -0.134112
-5.2 3.2 0.802836
-3.6 3.6 -0.383543
1.2 4.8 -0.499642
6.4 6.4 -0.119013
6.8 6.4 -0.446005
7.2 6.4 0.864367
7.6 6.4 -0.998505
6.4 6.8 -0.446005
6.8 6.8 0.773211
7.2 6.8 -0.96501
7.6 6.8 0.987813
8 6.8 -0.837627
8.4 6.8 0.540753
8.8 6.8 -0.149181
9.2 6.8 -0.268517
8 6.4 0.804312
8.4 6.4 -0.345644
8.8 6.4 -0.22668
9.2 6.4 0.724467
9.6 6.4 -0.984032
10 6.4 0.920026
9.6 6.8 0.639191
10 6.8 -0.897928
-10 7.2 -0.253823
-9.6 7.2 -0.0049616
-9.2 7.2 0.263409
-10 7.6 -0.566108
-9.6 7.6 0.646791
-9.2 7.6 -0.720804
-8.8 7.6 0.787384
-8.4 7.6 -0.845845
-8 7.6 0.895583
-7.6 7.6 -0.936085
-10 8 0.993889
-9.6 8 -0.98575
-9.2 8 0.97425
-8.8 8 -0.959427
-8.4 8 0.941332
-8 8 -0.920026
-7.6 8 0.895583
-7.2 8 -0.868085
-6.8 8 0.837627
-6.4 8 -0.804312
-6 8 0.768255
-4.8 8 -0.644897
-2.8 8 0.397556
2.4 8 0.343315
4.4 8 -0.599183
-4.4 8.4 0.673632
-8.8 7.2 -0.503934
-8.4 7.2 0.71017
-8 7.2 -0.868085
-7.6 7.2 0.966935
-7.2 7.2 -0.999993
-6.8 7.2 0.96501
-6.4 7.2 -0.864367
-6 7.2 0.704911
-7.2 7.6 0.966935
-6.8 7.6 -0.987813
-6.4 7.6 0.998505
-6 7.6 -0.9989
-5.6 7.2 -0.497491
-5.2 7.2 0.256222
-5.6 7.6 0.988994
-5.2 7.6 -0.96889
-4.8 7.6 0.938794
-4.4 7.6 -0.899017
-4 7.6 0.849969
-5.6 8 -0.729577
-5.2 8 0.688411
-4.4 8 0.599183
-4 8 -0.551427
-3.6 8 0.501789
-3.2 8 -0.450441
-2.4 8 -0.343315
-2 8 0.287903
-4.8 7.2 0.00248081
-4.4 7.2 -0.261015
-4 7.2 0.501789
-3.6 7.2 -0.708421
-3.2 7.2 0.866851
-2.8 7.2 -0.966299
-2.4 7.2 0.999999
-2 7.2 -0.965658
-3.2 7.6 0.726175
-2.8 7.6 -0.652704
-2.4 7.6 0.572503
-2 7.6 -0.486399
-1.6 7.2 0.865612
-1.2 7.2 -0.706668
-1.6 7.6 0.395278
-1.2 7.6 -0.300081
-0.8 7.6 0.20179
-0.4 7.6 -0.101418
0 7.6 0
-1.6 8 -0.23151
-1.2 8 0.174327
-0.8 8 -0.116549
-0.4 8 0.0583741
0 8 0
0.4 8 -0.0583741
0.8 8 0.116549
1.2 8 -0.174327
1.6 8 0.23151
2 8 -0.287903
-0.8 7.2 0.499642
-0.4 7.2 -0.258619
0 7.2 0
0.4 7.2 0.258619
0.8 7.2 -0.499642
1.2 7.2 0.706668
1.6 7.2 -0.865612
2 7.2 0.965658
0.8 7.6 -0.20179
1.2 7.6 0.300081
1.6 7.6 -0.395278
2 7.6 0.486399
2.4 7.2 -0.999999
2.8 7.2 0.966299
2.4 7.6 -0.572503
2.8 7.6 0.652704
3.2 7.6 -0.726175
3.6 7.6 0.792156
4 7.6 -0.849969
2.8 8 -0.397556
3.2 8 0.450441
3.6 8 -0.501789
4 8 0.551427
4.8 8 0.644897
5.2 8 -0.688411
5.6 8 0.729577
6 8 -0.768255
3.2 7.2 -0.866851
3.6 7.2 0.708421
4 7.2 -0.501789
4.4 7.2 0.261015
4.8 7.2 -0.00248081
5.2 7.2 -0.256222
5.6 7.2 0.497491
6 7.2 -0.704911
4.8 7.6 -0.938794
5.2 7.6 0.96889
5.6 7.6 -0.988994
6 7.6 0.9989
-4.4 4.4 -0.488565
6.4 7.2 0.864367
6.8 7.2 -0.96501
6.4 7.6 -0.998505
6.8 7.6 0.987813
7.2 7.6 -0.966935
7.6 7.6 0.936085
8 7.6 -0.895583
8.4 7.6 0.845845
6.4 8 0.804312
6.8 8 -0.837627
7.2 8 0.868085
7.6 8 -0.895583
8 8 0.920026
8.4 8 -0.941332
8.8 8 0.959427
9.2 8 -0.97425
9.6 8 0.98575
10 8 -0.993889
7.2 7.2 0.999993
7.6 7.2 -0.966935
8 7.2 0.868085
8.4 7.2 -0.71017
8.8 7.2 0.503934
9.2 7.2 -0.263409
9.6 7.2 0.0049616
10 7.2 0.253823
8.8 7.6 -0.787384
9.2 7.6 0.720804
9.6 7.6 -0.646791
10 7.6 0.566108
-10 -6.4 0.920026
-10 8.4 -0.73319
-9.6 8.4 0.863117
-9.2 8.4 -0.952034
-8.8 8.4 0.995718
-8.4 8.4 -0.992093
-10 8.8 -0.0353983
-9.6 8.8 -0.336315
-9.2 8.8 0.660443
-8.8 8.8 -0.891124
-8.4 8.8 0.995718
-8 8.8 -0.959427
-7.6 8.8 0.787384
-7.2 8.8 -0.503934
-6.8 8.8 0.149181
-3.6 9.6 0.00248081
-8 8.4 0.941332
-7.6 8.4 -0.845845
-7.2 8.4 0.71017
-6.8 8.4 -0.540753
-6.4 8.4 0.345644
-6 8.4 -0.134112
-6.4 8.8 0.22668
-6 8.8 -0.570468
-6 -6.4 0.644897
-5.6 8.4 -0.0837914
-5.2 8.4 0.297714
-4.8 8.4 -0.497491
-5.6 8.8 0.833539
-5.2 8.8 -0.978671
-4.8 8.8 0.98533
-4.4 8.8 -0.852573
-4 8.8 0.599183
-3.6 8.8 -0.261015
-3.2 8.8 -0.114085
-2.8 8.8 0.473043
0.4 9.6 -0.642999
-4 8.4 -0.817766
-3.6 8.4 0.923047
-3.2 8.4 -0.984471
-2.8 8.4 0.99912
-2.4 8.4 -0.966299
-2 8.4 0.887567
-2.4 8.8 -0.765069
-2 8.8 0.948844
-2 -6.4 0.23151
-1.6 8.4 -0.766664
-1.2 8.4 0.609335
-0.8 8.4 -0.423055
-0.4 8.4 0.216675
-1.6 8.8 -0.998366
-1.2 8.8 0.906628
-0.8 8.8 -0.686609
-0.4 8.8 0.369441
0 8.8 0
0.4 8.8 -0.369441
0.8 8.8 0.686609
1.2 8.8 -0.906628
4.4 9.6 -0.98533
0 8.4 0
0.4 8.4 -0.216675
0.8 8.4 0.423055
1.2 8.4 -0.609335
1.6 8.4 0.766664
2 8.4 -0.887567
1.6 8.8 0.998366
2 8.8 -0.948844
2 -6.4 -0.23151
2.4 8.4 0.966299
2.8 8.4 -0.99912
3.2 8.4 0.984471
3.6 8.4 -0.923047
2.4 8.8 0.765069
2.8 8.8 -0.473043
3.2 8.8 0.114085
3.6 8.8 0.261015
4 8.8 -0.599183
4.4 8.8 0.852573
4.8 8.8 -0.98533
5.2 8.8 0.978671
4 8.4 0.817766
4.4 8.4 -0.673632
4.8 8.4 0.497491
5.2 8.4 -0.297714
5.6 8.4 0.0837914
6 8.4 0.134112
5.6 8.8 -0.833539
6 8.8 0.570468
6 -6.4 -0.644897
6.4 8.4 -0.345644
6.8 8.4 0.540753
7.2 8.4 -0.71017
7.6 8.4 0.845845
6.4 8.8 -0.22668
6.8 8.8 -0.149181
7.2 8.8 0.503934
7.6 8.8 -0.787384
8 8.8 0.959427
8.4 8.8 -0.995718
8.8 8.8 0.891124
9.2 8.8 -0.660443
8 8.4 -0.941332
8.4 8.4 0.992093
8.8 8.4 -0.995718
9.2 8.4 0.952034
9.6 8.4 -0.863117
10 8.4 0.73319
9.6 8.8 0.336315
10 8.8 0.0353983
-10 9.2 0.779466
-9.6 9.2 -0.347971
-9.2 9.2 -0.181982
-10 9.6 -0.983588
-9.6 9.6 0.869314
-9.2 9.6 -0.347971
-8.8 9.6 -0.336315
-8.4 9.6 0.863117
-8 9.6 -0.98575
-7.6 9.6 0.646791
-10 10 0.506366
-9.6 10 -0.983588
-9.2 10 0.779466
-8.8 10 -0.0353983
-8.4 10 -0.73319
-8 10 0.993889
-7.6 10 -0.566108
-7.2 10 -0.253823
-6.8 10 0.897928
-6.4 10 -0.920026
-6 10 0.304811
-4.8 10 0.768255
-2.8 10 -0.270906
2.4 10 -0.905578
4.4 10 0.0177019
-8.8 9.2 0.660443
-8.4 9.2 -0.952034
-8 9.2 0.97425
-7.6 9.2 -0.720804
-7.2 9.2 0.263409
-6.8 9.2 0.268517
-6.4 9.2 -0.724467
-6 9.2 0.975431
-7.2 9.6 -0.0049616
-6.8 9.6 -0.639191
-6.4 9.6 0.984032
-6 9.6 -0.868085
-5.6 9.2 -0.950399
-5.2 9.2 0.656455
-5.6 9.6 0.345644
-5.2 9.6 0.338651
-4.8 9.6 -0.864367
-4.4 9.6 0.98533
-4 9.6 -0.644897
-5.6 10 0.521551
-5.2 10 -0.986628
-4.4 10 -0.0177019
-4 10 -0.745113
-3.6 10 0.991779
-3.2 10 -0.551427
-2.4 10 0.905578
-2 10 -0.912945
-4.8 9.2 -0.176769
-4.4 9.2 -0.352933
-4 9.2 0.782775
-3.6 9.2 -0.991132
-3.2 9.2 0.919051
-2.8 9.2 -0.586928
-2.4 9.2 0.0887346
-2 9.2 0.434566
-3.2 9.6 0.641097
-2.8 9.6 -0.984471
-2.4 9.6 0.866851
-2 9.6 -0.343315
-1.6 9.2 -0.834907
-1.2 9.2 0.999013
-1.6 9.6 -0.340984
-1.2 9.6 0.865612
-0.8 9.6 -0.984903
-0.4 9.6 0.642999
0 9.6 0
-1.6 10 0.287903
-1.2 10 0.536573
-0.8 10 -0.989358
-0.4 10 0.756802
0 10 0
0.4 10 -0.756802
0.8 10 0.989358
1.2 10 -0.536573
1.6 10 -0.287903
2 10 0.912945
-0.8 9.2 -0.880452
-0.4 9.2 0.512769
0 9.2 0
0.4 9.2 -0.512769
0.8 9.2 0.880452
1.2 9.2 -0.999013
1.6 9.2 0.834907
2 9.2 -0.434566
0.8 9.6 0.984903
1.2 9.6 -0.865612
1.6 9.6 0.340984
2 9.6 0.343315
2.4 9.2 -0.0887346
2.8 9.2 0.586928
2.4 9.6 -0.866851
2.8 9.6 0.984471
3.2 9.6 -0.641097
3.6 9.6 -0.00248081
4 9.6 0.644897
2.8 10 0.270906
3.2 10 0.551427
3.6 10 -0.991779
4 10 0.745113
4.8 10 -0.768255
5.2 10 0.986628
5.6 10 -0.521551
6 10 -0.304811
3.2 9.2 -0.919051
3.6 9.2 0.991132
4 9.2 -0.782775
4.4 9.2 0.352933
4.8 9.2 0.176769
5.2 9.2 -0.656455
5.6 9.2 0.950399
6 9.2 -0.975431
4.8 9.6 0.864367
5.2 9.6 -0.338651
5.6 9.6 -0.345644
6 9.6 0.868085
6.4 9.2 0.724467
6.8 9.2 -0.268517
6.4 9.6 -0.984032
6.8 9.6 0.639191
7.2 9.6 0.0049616
7.6 9.6 -0.646791
8 9.6 0.98575
6.4 10 0.920026
6.8 10 -0.897928
7.2 10 0.253823
7.6 10 0.566108
8 10 -0.993889
8.4 10 0.73319
8.8 10 0.0353983
9.2 10 -0.779466
9.6 10 0.983588
10 10 -0.506366
7.2 9.2 -0.263409
7.6 9.2 0.720804
8 9.2 -0.97425
8.4 9.2 0.952034
8.8 9.2 -0.660443
9.2 9.2 0.181982
9.6 9.2 0.347971
10 9.2 -0.779466
8.8 9.6 0.336315
9.2 9.6 0.347971
9.6 9.6 -0.869314
10 9.6 0.983588
-10 0 -0
-10 0.4 0.756802
-9.6 0.4 0.642999
-9.2 0.4 0.512769
-10 0.8 -0.989358
-9.6 0.8 -0.984903
-9.2 0.8 -0.880452
-8.8 0.8 -0.686609
-8.4 0.8 -0.423055
-7.6 1.2 -0.300081
-9.6 0 -0
-9.2 0 -0
-8.8 0 -0
-8.4 0 -0
-8 0 -0
-8.8 0.4 0.369441
-8.4 0.4 0.216675
-8 0.4 0.0583741
-8 0.8 -0.116549
-7.6 0.4 -0.101418
-7.2 0.4 -0.258619
-7.6 0.8 0.20179
-7.2 0.8 0.499642
-6.8 0.8 0.746765
-6.4 0.8 0.91807
-5.6 1.2 -0.423055
-7.6 0 -0
-7.2 0 -0
-6.8 0 -0
-6.4 0 -0
-6 0 -0
-6.8 0.4 -0.409214
-6.4 0.4 -0.549355
-6 0.4 -0.675463
-6 0.8 0.996165
-5.6 0.4 -0.784316
-5.2 0.4 -0.873133
-5.6 0.8 0.973119
-5.2 0.8 0.851273
-4.8 0.8 0.642999
-4.4 0.8 0.369441
-3.6 1.2 0.923998
-5.6 0 -0
-5.2 0 -0
-4.8 0 -0
-4.4 0 -0
-4 0 -0
-4.8 0.4 -0.939645
-4.4 0.4 -0.982154
-4 0.4 -0.999574
-4 0.8 0.0583741
-3.6 0.4 -0.991458
-3.2 0.4 -0.958016
-3.6 0.8 -0.258619
-3.2 0.8 -0.549355
-2.8 0.8 -0.784316
-2.4 0.8 -0.939645
-1.6 1.2 -0.939645
-0.8 1.6 -0.958016
-3.6 0 -0
-3.2 0 -0
-2.8 0 -0
-2.4 0 -0
-2 0 -0
-2.8 0.4 -0.9001
-2.4 0.4 -0.819192
-2 0.4 -0.717356
-2 0.8 -0.999574
-1.6 0.4 -0.597195
-1.2 0.4 -0.461779
-1.6 0.8 -0.958016
-1.2 0.8 -0.819192
-0.8 0.8 -0.597195
-0.4 0.8 -0.314567
0.4 1.2 0.461779
1.2 1.6 0.939645
-1.6 0 -0
-1.2 0 -0
-0.8 0 -0
-0.4 0 -0
0 0 0
-0.8 0.4 -0.314567
-0.4 0.4 -0.159318
0 0.4 0
0 0.8 0
-10 1.2 0.536573
-9.6 1.2 0.865612
-10 1.6 0.287903
-9.6 1.6 -0.340984
-9.2 1.6 -0.834907
-8.8 1.6 -0.998366
-10 2 -0.912945
-9.6 2 -0.343315
-9.2 2 0.434566
-8.8 2 0.948844
-8.4 2 0.887567
-8 2 0.287903
-2.8 2 0.631267
4.4 2 0.584917
-9.2 1.2 0.999013
-8.8 1.2 0.906628
-8.4 1.2 0.609335
-8 1.2 0.174327
-8.4 1.6 -0.766664
-8 1.6 -0.23151
-7.6 1.6 0.395278
-7.2 1.6 0.865612
-6.8 1.6 0.993329
-7.6 2 -0.486399
-7.2 2 -0.965658
-6.8 2 -0.859162
-6.4 2 -0.23151
-6 2 0.536573
-7.2 1.2 -0.706668
-6.8 1.2 -0.953541
-6.4 1.2 -0.984903
-6 1.2 -0.793668
-6.4 1.6 0.727878
-6 1.6 0.174327
-5.6 1.6 -0.448224
-5.2 1.6 -0.893364
-4.8 1.6 -0.984903
-5.6 2 0.979178
-5.2 2 0.827826
-4.8 2 0.174327
-4.4 2 -0.584917
-4 2 -0.989358
-5.2 1.2 0.0431719
-4.8 1.2 0.499642
-4.4 1.2 0.843188
-4 1.2 0.996165
-4.4 1.6 -0.686609
-4 1.6 -0.116549
-3.6 1.6 0.499642
-3.2 1.6 0.91807
-2.8 1.6 0.973119
-3.6 2 -0.793668
-3.2 2 -0.116549
-2.4 2 0.996165
-2 2 0.756802
-3.2 1.2 0.642999
-2.8 1.2 0.216675
-2.4 1.2 -0.258619
-2 1.2 -0.675463
-2.4 1.6 0.642999
-2 1.6 0.0583741
-1.6 1.6 -0.549355
-1.2 1.6 -0.939645
-1.6 2 0.0583741
-1.2 2 -0.675463
-0.8 2 -0.999574
-0.4 2 -0.717356
0 2 0
-1.2 1.2 -0.991458
-0.8 1.2 -0.819192
-0.4 1.2 -0.461779
0 1.2 0
-0.4 1.6 -0.597195
0 1.6 0
-10 -4.4 0.0177019
-10 2.4 0.905578
-9.6 2.4 0.866851
-9.2 2.4 0.0887346
-10 2.8 -0.270906
-9.6 2.8 -0.984471
-9.2 2.8 -0.586928
-8.8 2.8 0.473043
-8.4 2.8 0.99912
-7.6 3.2 0.726175
-8.8 2.4 -0.765069
-8.4 2.4 -0.966299
-8 2.4 -0.343315
-8 2.8 0.397556
-8 -4.4 -0.599183
-7.6 2.4 0.572503
-7.2 2.4 0.999999
-7.6 2.8 -0.652704
-7.2 2.8 -0.966299
-6.8 2.8 -0.189295
-6.4 2.8 0.801354
-5.6 3.2 0.801354
-6.8 2.4 0.574536
-6.4 2.4 -0.340984
-6 2.4 -0.965658
-6 2.8 0.887567
-6 -4.4 0.954285
-5.6 2.4 -0.766664
-5.2 2.4 0.0862633
-5.6 2.8 -0.0279596
-5.2 2.8 -0.91193
-4.8 2.8 -0.766664
-4.4 2.8 0.243886
-3.6 3.2 0.865612
-4.8 2.4 0.865612
-4 2.4 0.174327
-4 2.8 0.979178
-4 -4.4 -0.948844
-9.6 -0.8 0.984903
-3.6 2.4 -0.706668
-3.2 2.4 -0.984903
-3.6 2.8 0.609335
-3.2 2.8 -0.448224
-2.8 2.8 -0.999902
-2.4 2.8 -0.423055
-1.6 3.2 0.91807
-0.8 3.6 -0.258619
-2.8 2.4 -0.423055
-2.4 2.4 0.499642
-2 2.4 0.996165
-2 2.8 0.631267
-2 -4.4 0.584917
-7.6 -0.8 -0.20179
-1.6 2.4 0.642999
-1.2 2.4 -0.258619
-1.6 2.8 0.973119
-1.2 2.8 0.216675
-0.8 2.8 -0.784316
-0.4 2.8 -0.9001
0.4 3.2 0.958016
1.2 3.6 -0.923998
-0.8 2.4 -0.939645
-0.4 2.4 -0.819192
0 2.4 0
0 2.8 0
-10 3.2 -0.551427
-9.6 3.2 0.641097
-10 3.6 0.991779
-9.6 3.6 0.00248081
-9.2 3.6 -0.991132
-8.8 3.6 -0.261015
-10 4 -0.745113
-9.6 4 -0.644897
-9.2 4 0.782775
-8.8 4 0.599183
-8.4 4 -0.817766
-8 4 -0.551427
-2.8 4 0.979178
4.4 4 -0.948844
-8.8 3.2 -0.114085
-8.4 3.2 -0.984471
-8 3.2 -0.450441
-8.4 3.6 0.923047
-8 3.6 0.501789
-7.2 3.6 -0.708421
-6.8 3.6 0.607366
-7.6 4 0.849969
-7.2 4 0.501789
-6.8 4 -0.879273
-6.4 4 -0.450441
-6 4 0.905578
-7.2 3.2 0.866851
-6.8 3.2 -0.229096
-6.4 3.2 -0.998222
-6 3.2 -0.343315
-6.4 3.6 0.866851
-6 3.6 -0.38125
-5.6 3.6 -0.966299
-5.2 3.6 0.129194
-4.8 3.6 0.999999
-5.6 4 0.397556
-5.2 4 -0.928795
-4.8 4 -0.343315
-4.4 4 0.948844
-4 4 0.287903
-4.8 3.2 -0.340984
-4.4 3.2 -0.998366
-4 3.2 -0.23151
-4.4 3.6 0.131653
-4 3.6 -0.965658
-3.2 3.6 0.865612
-2.8 3.6 0.609335
-3.6 4 -0.965658
-3.2 4 -0.23151
-2.4 4 0.174327
-2 4 -0.989358
-3.2 3.2 0.727878
-2.8 3.2 -0.448224
-2.4 3.2 -0.984903
-2 3.2 -0.116549
-2.4 3.6 -0.706668
-2 3.6 -0.793668
-1.6 3.6 0.499642
-1.2 3.6 0.923998
-1.6 4 -0.116549
-1.2 4 0.996165
-0.8 4 0.0583741
-0.4 4 -0.999574
0 4 0
-1.2 3.2 0.642999
-0.8 3.2 -0.549355
-0.4 3.2 -0.958016
0 3.2 0
-0.4 3.6 -0.991458
0 3.6 0
-10 -2.4 -0.905578
-10 4.4 -0.0177019
-9.6 4.4 0.98533
-9.2 4.4 -0.352933
-10 4.8 0.768255
-9.6 4.8 -0.864367
-9.2 4.8 -0.176769
-8.8 4.8 0.98533
-8.4 4.8 -0.497491
-8.8 4.4 -0.852573
-8.4 4.4 0.673632
-8 4.4 0.599183
-8 4.8 -0.644897
-8 -2.4 0.343315
-7.6 4.4 -0.899017
-7.2 4.4 -0.261015
-7.6 4.8 0.938794
-7.2 4.8 0.00248081
-6.8 4.8 -0.940491
-6.4 4.8 0.641097
-6.8 4.4 0.997199
-6.4 4.4 -0.114085
-6 4.4 -0.954285
-6 4.8 0.501789
-6 -2.4 0.965658
-5.6 4.4 0.473043
-5.2 4.4 0.776348
-5.6 4.8 -0.984471
-5.2 4.8 0.171883
-4.8 4.8 0.866851
-4.4 4.8 -0.765069
-4.8 4.4 -0.765069
-4 4.4 0.948844
-4 4.8 -0.343315
-4 -2.4 -0.174327
-3.6 4.4 0.131653
-3.2 4.4 -0.998366
-3.6 4.8 0.999999
-3.2 4.8 -0.340984
-2.8 4.8 -0.766664
-2.4 4.8 0.865612
-2.8 4.4 0.243886
-2.4 4.4 0.906628
-2 4.4 -0.584917
-2 4.8 0.174327
-2 -2.4 -0.996165
-1.6 4.4 -0.686609
-1.2 4.4 0.843188
-1.6 4.8 -0.984903
-1.2 4.8 0.499642
-0.8 4.8 0.642999
-0.4 4.8 -0.939645
-0.8 4.4 0.369441
-0.4 4.4 -0.982154
0 4.4 0
0 4.8 0
5.2 0.4 0.873133
5.2 0.8 -0.851273
5.6 0.8 -0.973119
5.2 0 0
5.6 0 0
6 0 0
5.6 0.4 0.784316
6 0.4 0.675463
6 0.8 -0.996165
6.4 0.4 0.549355
6.4 0.8 -0.91807
6.8 0.8 -0.746765
10 4 0.745113
6.4 0 0
6.8 0 0
6.8 0.4 0.409214
7.2 0.4 0.258619
7.2 0.8 -0.499642
7.6 0.8 -0.20179
7.2 0 0
7.6 0 0
8 0 0
7.6 0.4 0.101418
8 0.4 -0.0583741
8 0.8 0.116549
8.4 0.4 -0.216675
8.4 0.8 0.423055
8.8 0.8 0.686609
8.4 0 0
8.8 0 0
8.8 0.4 -0.369441
9.2 0.4 -0.512769
9.2 0.8 0.880452
9.6 0.8 0.984903
9.2 0 0
9.6 0 0
10 0 0
9.6 0.4 -0.642999
10 0.4 -0.756802
10 0.8 0.989358
2 -2 0.756802
3.6 -0.4 -0.991458
5.2 1.2 -0.0431719
5.2 1.6 0.893364
5.6 1.6 0.448224
5.2 2 -0.827826
5.6 2 -0.979178
6 2 -0.536573
5.6 1.2 0.423055
6 1.2 0.793668
6 1.6 -0.174327
6.4 1.6 -0.727878
6.4 2 0.23151
6.8 2 0.859162
6.4 1.2 0.984903
6.8 1.2 0.953541
6.8 1.6 -0.993329
4 -2 -0.989358
5.6 -0.4 -0.784316
7.2 1.2 0.706668
7.2 1.6 -0.865612
7.6 1.6 -0.395278
7.2 2 0.965658
7.6 2 0.486399
8 2 -0.287903
7.6 1.2 0.300081
8 1.2 -0.174327
8 1.6 0.23151
8.4 1.6 0.766664
8.4 2 -0.887567
8.8 2 -0.948844
8.4 1.2 -0.609335
8.8 1.2 -0.906628
8.8 1.6 0.998366
6 -2 0.536573
7.6 -0.4 -0.101418
9.2 1.2 -0.999013
9.2 1.6 0.834907
9.6 1.6 0.340984
9.2 2 -0.434566
9.6 2 0.343315
10 2 0.912945
9.6 1.2 -0.865612
10 1.2 -0.536573
10 1.6 -0.287903
5.2 2.4 -0.0862633
5.2 2.8 0.91193
5.6 2.8 0.0279596
5.6 2.4 0.766664
6 2.4 0.965658
6 2.8 -0.887567
6 -4.4 -0.954285
6.4 2.4 0.340984
6.4 2.8 -0.801354
6.8 2.8 0.189295
6.8 2.4 -0.574536
7.2 2.4 -0.999999
7.2 2.8 0.966299
7.6 2.8 0.652704
7.6 2.4 -0.572503
8 2.4 0.343315
8 2.8 -0.397556
8 -4.4 0.599183
8.4 2.4 0.966299
8.4 2.8 -0.99912
8.8 2.8 -0.473043
8.8 2.4 0.765069
9.2 2.4 -0.0887346
9.2 2.8 0.586928
9.6 2.8 0.984471
9.6 2.4 -0.866851
10 2.4 -0.905578
10 2.8 0.270906
-6.8 -8.8 -0.149181
2 0 0
3.6 1.6 -0.499642
5.2 3.2 -0.802836
5.2 3.6 -0.129194
5.6 3.6 0.966299
5.2 4 0.928795
5.6 4 -0.397556
6 4 -0.905578
5.6 3.2 -0.801354
6 3.2 0.343315
6 3.6 0.38125
6.4 3.6 -0.866851
6.4 4 0.450441
6.8 4 0.879273
6.4 3.2 0.998222
6.8 3.2 0.229096
6.8 3.6 -0.607366
-4.8 -8.8 -0.98533
4 0 0
7.2 3.2 -0.866851
7.2 3.6 0.708421
7.6 3.6 0.792156
7.2 4 -0.501789
7.6 4 -0.849969
8 4 0.551427
7.6 3.2 -0.726175
8 3.2 0.450441
8 3.6 -0.501789
8.4 3.6 -0.923047
8.4 4 0.817766
8.8 4 -0.599183
8.4 3.2 0.984471
8.8 3.2 0.114085
8.8 3.6 0.261015
-2.8 -8.8 -0.473043
9.2 3.2 -0.919051
9.2 3.6 0.991132
9.6 3.6 -0.00248081
9.2 4 -0.782775
9.6 4 0.644897
9.6 3.2 -0.641097
10 3.2 0.551427
10 3.6 -0.991779
5.2 4.4 -0.776348
5.2 4.8 -0.171883
5.6 4.8 0.984471
5.6 4.4 -0.473043
6 4.4 0.954285
6 4.8 -0.501789
6 -2.4 -0.965658
6.4 4.4 0.114085
6.4 4.8 -0.641097
6.8 4.8 0.940491
6.8 4.4 -0.997199
7.2 4.4 0.261015
7.2 4.8 -0.00248081
7.6 4.8 -0.938794
7.6 4.4 0.899017
8 4.4 -0.599183
8 4.8 0.644897
8 -2.4 -0.343315
8.4 4.4 -0.673632
8.4 4.8 0.497491
8.8 4.8 -0.98533
8.8 4.4 0.852573
9.2 4.4 0.352933
9.2 4.8 0.176769
9.6 4.8 0.864367
9.6 4.4 -0.98533
10 4.4 0.0177019
10 4.8 -0.768255
-10 -10 -0.506366
-10 -9.6 0.983588
-9.6 -9.6 -0.869314
-9.2 -9.6 0.347971
-10 -9.2 -0.779466
-9.6 -9.2 0.347971
-9.2 -9.2 0.181982
-8.8 -9.2 -0.660443
-8.4 -9.2 0.952034
-10 -8.8 0.0353983
-9.6 -8.8 0.336315
-9.2 -8.8 -0.660443
-8.8 -8.8 0.891124
-8.4 -8.8 -0.995718
-8 -8.8 0.959427
-7.6 -8.8 -0.787384
-9.6 -8.4 -0.863117
-9.2 -8.4 0.952034
-8.8 -8.4 -0.995718
-8.4 -8.4 0.992093
-8 -8.4 -0.941332
-7.6 -8.4 0.845845
-7.2 -8.4 -0.71017
-6.8 -8.4 0.540753
-10 -8 -0.993889
-9.6 -8 0.98575
-9.2 -8 -0.97425
-8.8 -8 0.959427
-8.4 -8 -0.941332
-8 -8 0.920026
-7.6 -8 -0.895583
-7.2 -8 0.868085
-6.8 -8 -0.837627
-6.4 -8 0.804312
-6 -8 -0.768255
-4.8 -8 0.644897
-2.8 -8 -0.397556
2.4 -8 -0.343315
4.4 -8 0.599183
0.4 -4.8 -0.939645
-9.6 -10 0.983588
-9.2 -10 -0.779466
-8.8 -10 0.0353983
-8.4 -10 0.73319
-8 -10 -0.993889
-7.6 -10 0.566108
-7.2 -10 0.253823
-6.8 -10 -0.897928
-6.4 -10 0.920026
-6 -10 -0.304811
-8.8 -9.6 0.336315
-8.4 -9.6 -0.863117
-8 -9.6 0.98575
-7.6 -9.6 -0.646791
-7.2 -9.6 0.0049616
-6.8 -9.6 0.639191
-6.4 -9.6 -0.984032
-6 -9.6 0.868085
-8 -9.2 -0.97425
-7.6 -9.2 0.720804
-7.2 -9.2 -0.263409
-6.8 -9.2 -0.268517
-6.4 -9.2 0.724467
-6 -9.2 -0.975431
-7.2 -8.8 0.503934
-6.4 -8.8 -0.22668
-6 -8.8 0.570468
-6.4 -8.4 -0.345644
-6 -2.8 -0.887567
-5.6 -9.6 -0.345644
-5.2 -9.6 -0.338651
-5.6 -9.2 0.950399
-5.2 -9.2 -0.656455
-4.8 -9.2 0.176769
-4.4 -9.2 0.352933
-5.6 -8.8 -0.833539
-5.2 -8.8 0.978671
-4.4 -8.8 0.852573
-4 -8.8 -0.599183
-3.6 -8.8 0.261015
-5.6 -8.4 0.0837914
-5.2 -8.4 -0.297714
-4.8 -8.4 0.497491
-4.4 -8.4 -0.673632
-4 -8.4 0.817766
-3.6 -8.4 -0.923047
-3.2 -8.4 0.984471
-2.8 -8.4 -0.99912
-5.6 -8 0.729577
-5.2 -8 -0.688411
-4.4 -8 -0.599183
-4 -8 0.551427
-3.6 -8 -0.501789
-3.2 -8 0.450441
-2.4 -8 0.343315
-2 -8 -0.287903
4.4 -4.8 -0.765069
-5.6 -10 -0.521551
-5.2 -10 0.986628
-4.8 -10 -0.768255
-4.4 -10 0.0177019
-4 -10 0.745113
-3.6 -10 -0.991779
-3.2 -10 0.551427
-2.8 -10 0.270906
-2.4 -10 -0.905578
-2 -10 0.912945
-4.8 -9.6 0.864367
-4.4 -9.6 -0.98533
-4 -9.6 0.644897
-3.6 -9.6 -0.00248081
-3.2 -9.6 -0.641097
-2.8 -9.6 0.984471
-2.4 -9.6 -0.866851
-2 -9.6 0.343315
-4 -9.2 -0.782775
-3.6 -9.2 0.991132
-3.2 -9.2 -0.919051
-2.8 -9.2 0.586928
-2.4 -9.2 -0.0887346
-2 -9.2 -0.434566
-3.2 -8.8 0.114085
-2.4 -8.8 0.765069
-2 -8.8 -0.948844
-2.4 -8.4 0.966299
-2 -2.8 -0.631267
-1.6 -9.6 0.340984
-1.2 -9.6 -0.865612
-1.6 -9.2 0.834907
-1.2 -9.2 -0.999013
-0.8 -9.2 0.880452
-0.4 -9.2 -0.512769
-1.6 -8.8 0.998366
-1.2 -8.8 -0.906628
-0.8 -8.8 0.686609
-0.4 -8.8 -0.369441
0 -8.8 -0
0.4 -8.8 0.369441
-1.6 -8.4 0.766664
-1.2 -8.4 -0.609335
-0.8 -8.4 0.423055
-0.4 -8.4 -0.216675
0 -8.4 -0
0.4 -8.4 0.216675
0.8 -8.4 -0.423055
1.2 -8.4 0.609335
-1.6 -8 0.23151
-1.2 -8 -0.174327
-0.8 -8 0.116549
-0.4 -8 -0.0583741
0 -8 -0
0.4 -8 0.0583741
0.8 -8 -0.116549
1.2 -8 0.174327
1.6 -8 -0.23151
2 -8 0.287903
-1.6 -10 -0.287903
-1.2 -10 -0.536573
-0.8 -10 0.989358
-0.4 -10 -0.756802
0 -10 -0
0.4 -10 0.756802
0.8 -10 -0.989358
1.2 -10 0.536573
1.6 -10 0.287903
2 -10 -0.912945
-0.8 -9.6 0.984903
-0.4 -9.6 -0.642999
0 -9.6 -0
0.4 -9.6 0.642999
0.8 -9.6 -0.984903
1.2 -9.6 0.865612
1.6 -9.6 -0.340984
2 -9.6 -0.343315
0 -9.2 -0
0.4 -9.2 0.512769
0.8 -9.2 -0.880452
1.2 -9.2 0.999013
1.6 -9.2 -0.834907
2 -9.2 0.434566
0.8 -8.8 -0.686609
1.2 -8.8 0.906628
1.6 -8.8 -0.998366
2 -8.8 0.948844
1.6 -8.4 -0.766664
2 -2.8 0.631267
2 4.4 0.584917
2.4 -9.6 0.866851
2.8 -9.6 -0.984471
2.4 -9.2 0.0887346
2.8 -9.2 -0.586928
3.2 -9.2 0.919051
3.6 -9.2 -0.991132
2.4 -8.8 -0.765069
2.8 -8.8 0.473043
3.2 -8.8 -0.114085
3.6 -8.8 -0.261015
4 -8.8 0.599183
4.4 -8.8 -0.852573
2.4 -8.4 -0.966299
2.8 -8.4 0.99912
3.2 -8.4 -0.984471
3.6 -8.4 0.923047
4 -8.4 -0.817766
4.4 -8.4 0.673632
4.8 -8.4 -0.497491
5.2 -8.4 0.297714
2.8 -8 0.397556
3.2 -8 -0.450441
3.6 -8 0.501789
4 -8 -0.551427
4.8 -8 -0.644897
5.2 -8 0.688411
5.6 -8 -0.729577
6 -8 0.768255
2.4 -10 0.905578
2.8 -10 -0.270906
3.2 -10 -0.551427
3.6 -10 0.991779
4 -10 -0.745113
4.4 -10 -0.0177019
4.8 -10 0.768255
5.2 -10 -0.986628
5.6 -10 0.521551
6 -10 0.304811
3.2 -9.6 0.641097
3.6 -9.6 0.00248081
4 -9.6 -0.644897
4.4 -9.6 0.98533
4.8 -9.6 -0.864367
5.2 -9.6 0.338651
5.6 -9.6 0.345644
6 -9.6 -0.868085
4 -9.2 0.782775
4.4 -9.2 -0.352933
4.8 -9.2 -0.176769
5.2 -9.2 0.656455
5.6 -9.2 -0.950399
6 -9.2 0.975431
4.8 -8.8 0.98533
5.2 -8.8 -0.978671
5.6 -8.8 0.833539
6 -8.8 -0.570468
5.6 -8.4 -0.0837914
6 -2.8 0.887567
6.4 -9.6 0.984032
6.8 -9.6 -0.639191
6.4 -9.2 -0.724467
6.8 -9.2 0.268517
7.2 -9.2 0.263409
7.6 -9.2 -0.720804
6.4 -8.8 0.22668
6.8 -8.8 0.149181
7.2 -8.8 -0.503934
7.6 -8.8 0.787384
8 -8.8 -0.959427
8.4 -8.8 0.995718
6.4 -8.4 0.345644
6.8 -8.4 -0.540753
7.2 -8.4 0.71017
7.6 -8.4 -0.845845
8 -8.4 0.941332
8.4 -8.4 -0.992093
8.8 -8.4 0.995718
9.2 -8.4 -0.952034
6.4 -8 -0.804312
6.8 -8 0.837627
7.2 -8 -0.868085
7.6 -8 0.895583
8 -8 -0.920026
8.4 -8 0.941332
8.8 -8 -0.959427
9.2 -8 0.97425
9.6 -8 -0.98575
10 -8 0.993889
6.4 -10 -0.920026
6.8 -10 0.897928
7.2 -10 -0.253823
7.6 -10 -0.566108
8 -10 0.993889
8.4 -10 -0.73319
8.8 -10 -0.0353983
9.2 -10 0.779466
9.6 -10 -0.983588
10 -10 0.506366
7.2 -9.6 -0.0049616
7.6 -9.6 0.646791
8 -9.6 -0.98575
8.4 -9.6 0.863117
8.8 -9.6 -0.336315
9.2 -9.6 -0.347971
9.6 -9.6 0.869314
10 -9.6 -0.983588
8 -9.2 0.97425
8.4 -9.2 -0.952034
8.8 -9.2 0.660443
9.2 -9.2 -0.181982
9.6 -9.2 -0.347971
10 -9.2 0.779466
8.8 -8.8 -0.891124
9.2 -8.8 0.660443
9.6 -8.8 -0.336315
10 -8.8 -0.0353983
9.6 -8.4 0.863117
10 -8.4 -0.73319
10 -2.8 -0.270906
-10 -7.6 0.566108
-9.6 -7.6 -0.646791
-9.2 -7.6 0.720804
-10 -7.2 0.253823
-9.6 -7.2 0.0049616
-9.2 -7.2 -0.263409
-8.8 -7.2 0.503934
-8.4 -7.2 -0.71017
-10 -6.8 -0.897928
-9.6 -6.8 0.639191
-9.2 -6.8 -0.268517
-8.8 -6.8 -0.149181
-8.4 -6.8 0.540753
-8 -6.8 -0.837627
-7.6 -6.8 0.987813
-9.6 -6.4 -0.984032
-9.2 -6.4 0.724467
-8.8 -6.4 -0.22668
-8.4 -6.4 -0.345644
-8 -6.4 0.804312
-7.6 -6.4 -0.998505
-7.2 -6.4 0.864367
-6.8 -6.4 -0.446005
-10 -6 -0.304811
-9.6 -6 0.868085
-9.2 -6 -0.975431
-8.8 -6 0.570468
-8.4 -6 0.134112
-8 -6 -0.768255
-7.6 -6 0.9989
-7.2 -6 -0.704911
-6.8 -6 0.0406933
-6.4 -6 0.644897
-6 -6 -0.991779
-4.8 -6 -0.501789
-2.8 -6 -0.887567
2.4 -6 -0.965658
4.4 -6 -0.954285
0.4 -2.8 -0.9001
-8.8 -7.6 -0.787384
-8.4 -7.6 0.845845
-8 -7.6 -0.895583
-7.6 -7.6 0.936085
-7.2 -7.6 -0.966935
-6.8 -7.6 0.987813
-6.4 -7.6 -0.998505
-6 -7.6 0.9989
-8 -7.2 0.868085
-7.6 -7.2 -0.966935
-7.2 -7.2 0.999993
-6.8 -7.2 -0.96501
-6.4 -7.2 0.864367
-6 -7.2 -0.704911
-7.2 -6.8 -0.96501
-6.8 -6.8 0.773211
-6.4 -6.8 -0.446005
-6 -6.8 0.0406933
-6.4 -6.4 -0.119013
-5.6 -7.6 -0.988994
-5.2 -7.6 0.96889
-5.6 -7.2 0.497491
-5.2 -7.2 -0.256222
-4.8 -7.2 -0.00248081
-4.4 -7.2 0.261015
-5.6 -6.8 0.371745
-5.2 -6.8 -0.719082
-4.8 -6.8 0.940491
-4.4 -6.8 -0.997199
-4 -6.8 0.879273
-3.6 -6.8 -0.607366
-5.6 -6.4 -0.958724
-5.2 -6.4 0.957302
-4.8 -6.4 -0.641097
-4.4 -6.4 0.114085
-4 -6.4 0.450441
-3.6 -6.4 -0.866851
-3.2 -6.4 0.998222
-2.8 -6.4 -0.801354
-5.6 -6 0.817766
-5.2 -6 -0.214253
-4.4 -6 0.954285
-4 -6 -0.905578
-3.6 -6 0.38125
-3.2 -6 0.343315
-2.4 -6 0.965658
-2 -6 -0.536573
4.4 -2.8 0.243886
-4.8 -7.6 -0.938794
-4.4 -7.6 0.899017
-4 -7.6 -0.849969
-3.6 -7.6 0.792156
-3.2 -7.6 -0.726175
-2.8 -7.6 0.652704
-2.4 -7.6 -0.572503
-2 -7.6 0.486399
-4 -7.2 -0.501789
-3.6 -7.2 0.708421
-3.2 -7.2 -0.866851
-2.8 -7.2 0.966299
-2.4 -7.2 -0.999999
-2 -7.2 0.965658
-3.2 -6.8 0.229096
-2.8 -6.8 0.189295
-2.4 -6.8 -0.574536
-2 -6.8 0.859162
-2.4 -6.4 0.340984
-1.6 -7.6 -0.395278
-1.2 -7.6 0.300081
-1.6 -7.2 -0.865612
-1.2 -7.2 0.706668
-0.8 -7.2 -0.499642
-0.4 -7.2 0.258619
-1.6 -6.8 -0.993329
-1.2 -6.8 0.953541
-0.8 -6.8 -0.746765
-0.4 -6.8 0.409214
0 -6.8 -0
0.4 -6.8 -0.409214
-1.6 -6.4 -0.727878
-1.2 -6.4 0.984903
-0.8 -6.4 -0.91807
-0.4 -6.4 0.549355
0 -6.4 -0
0.4 -6.4 -0.549355
0.8 -6.4 0.91807
1.2 -6.4 -0.984903
-1.6 -6 -0.174327
-1.2 -6 0.793668
-0.8 -6 -0.996165
-0.4 -6 0.675463
0 -6 -0
0.4 -6 -0.675463
0.8 -6 0.996165
1.2 -6 -0.793668
1.6 -6 0.174327
2 -6 0.536573
-0.8 -7.6 -0.20179
-0.4 -7.6 0.101418
0 -7.6 -0
0.4 -7.6 -0.101418
0.8 -7.6 0.20179
1.2 -7.6 -0.300081
1.6 -7.6 0.395278
2 -7.6 -0.486399
0 -7.2 -0
0.4 -7.2 -0.258619
0.8 -7.2 0.499642
1.2 -7.2 -0.706668
1.6 -7.2 0.865612
2 -7.2 -0.965658
0.8 -6.8 0.746765
1.2 -6.8 -0.953541
1.6 -6.8 0.993329
2 -6.8 -0.859162
1.6 -6.4 0.727878
2.4 -7.6 0.572503
2.8 -7.6 -0.652704
2.4 -7.2 0.999999
2.8 -7.2 -0.966299
3.2 -7.2 0.866851
3.6 -7.2 -0.708421
2.4 -6.8 0.574536
2.8 -6.8 -0.189295
3.2 -6.8 -0.229096
3.6 -6.8 0.607366
4 -6.8 -0.879273
4.4 -6.8 0.997199
2.4 -6.4 -0.340984
2.8 -6.4 0.801354
3.2 -6.4 -0.998222
3.6 -6.4 0.866851
4 -6.4 -0.450441
4.4 -6.4 -0.114085
4.8 -6.4 0.641097
5.2 -6.4 -0.957302
2.8 -6 0.887567
3.2 -6 -0.343315
3.6 -6 -0.38125
4 -6 0.905578
4.8 -6 0.501789
5.2 -6 0.214253
5.6 -6 -0.817766
6 -6 0.991779
3.2 -7.6 0.726175
3.6 -7.6 -0.792156
4 -7.6 0.849969
4.4 -7.6 -0.899017
4.8 -7.6 0.938794
5.2 -7.6 -0.96889
5.6 -7.6 0.988994
6 -7.6 -0.9989
4 -7.2 0.501789
4.4 -7.2 -0.261015
4.8 -7.2 0.00248081
5.2 -7.2 0.256222
5.6 -7.2 -0.497491
6 -7.2 0.704911
4.8 -6.8 -0.940491
5.2 -6.8 0.719082
5.6 -6.8 -0.371745
6 -6.8 -0.0406933
5.6 -6.4 0.958724
6.4 -7.6 0.998505
6.8 -7.6 -0.987813
6.4 -7.2 -0.864367
6.8 -7.2 0.96501
7.2 -7.2 -0.999993
7.6 -7.2 0.966935
6.4 -6.8 0.446005
6.8 -6.8 -0.773211
7.2 -6.8 0.96501
7.6 -6.8 -0.987813
8 -6.8 0.837627
8.4 -6.8 -0.540753
6.4 -6.4 0.119013
6.8 -6.4 0.446005
7.2 -6.4 -0.864367
7.6 -6.4 0.998505
8 -6.4 -0.804312
8.4 -6.4 0.345644
8.8 -6.4 0.22668
9.2 -6.4 -0.724467
6.4 -6 -0.644897
6.8 -6 -0.0406933
7.2 -6 0.704911
7.6 -6 -0.9989
8 -6 0.768255
8.4 -6 -0.134112
8.8 -6 -0.570468
9.2 -6 0.975431
9.6 -6 -0.868085
10 -6 0.304811
7.2 -7.6 0.966935
7.6 -7.6 -0.936085
8 -7.6 0.895583
8.4 -7.6 -0.845845
8.8 -7.6 0.787384
9.2 -7.6 -0.720804
9.6 -7.6 0.646791
10 -7.6 -0.566108
8 -7.2 -0.868085
8.4 -7.2 0.71017
8.8 -7.2 -0.503934
9.2 -7.2 0.263409
9.6 -7.2 -0.0049616
10 -7.2 -0.253823
8.8 -6.8 0.149181
9.2 -6.8 0.268517
9.6 -6.8 -0.639191
10 -6.8 0.897928
9.6 -6.4 0.984032
10 -6.4 -0.920026
-10 -5.6 -0.521551
-9.6 -5.6 -0.345644
-9.2 -5.6 0.950399
-10 -5.2 0.986628
-9.6 -5.2 -0.338651
-9.2 -5.2 -0.656455
-8.8 -5.2 0.978671
-8.4 -5.2 -0.297714
-10 -4.8 -0.768255
-9.6 -4.8 0.864367
-9.2 -4.8 0.176769
-8.8 -4.8 -0.98533
-8.4 -4.8 0.497491
-8 -4.8 0.644897
-7.6 -4.8 -0.938794
-9.6 -4.4 -0.98533
-9.2 -4.4 0.352933
-8.8 -4.4 0.852573
-8.4 -4.4 -0.673632
-7.6 -4.4 0.899017
-7.2 -4.4 0.261015
-6.8 -4.4 -0.997199
-10 -4 0.745113
-9.6 -4 0.644897
-9.2 -4 -0.782775
-8.8 -4 -0.599183
-8.4 -4 0.817766
-8 -4 0.551427
-7.6 -4 -0.849969
-7.2 -4 -0.501789
-6.8 -4 0.879273
-6.4 -4 0.450441
-6 -4 -0.905578
-4.8 -4 0.343315
-2.8 -4 -0.979178
2.4 -4 0.174327
4.4 -4 0.948844
-8.8 -5.6 -0.833539
-8.4 -5.6 0.0837914
-8 -5.6 0.729577
-7.6 -5.6 -0.988994
-7.2 -5.6 0.497491
-6.8 -5.6 0.371745
-6.4 -5.6 -0.958724
-6 -5.6 0.817766
-8 -5.2 -0.688411
-7.6 -5.2 0.96889
-7.2 -5.2 -0.256222
-6.8 -5.2 -0.719082
-6.4 -5.2 0.957302
-6 -5.2 -0.214253
-7.2 -4.8 -0.00248081
-6.8 -4.8 0.940491
-6.4 -4.8 -0.641097
-6 -4.8 -0.501789
-6.4 -4.4 0.114085
-5.6 -5.6 -0.0558974
-5.2 -5.6 -0.748413
-5.6 -5.2 -0.748413
-5.2 -5.2 0.943928
-4.8 -5.2 -0.171883
-4.4 -5.2 -0.776348
-5.6 -4.8 0.984471
-5.2 -4.8 -0.171883
-4.8 -4.8 -0.866851
-4.4 -4.8 0.765069
-4 -4.8 0.343315
-3.6 -4.8 -0.999999
-5.6 -4.4 -0.473043
-5.2 -4.4 -0.776348
-4.8 -4.4 0.765069
-4.4 -4.4 0.488565
-3.6 -4.4 -0.131653
-3.2 -4.4 0.998366
-2.8 -4.4 -0.243886
-5.6 -4 -0.397556
-5.2 -4 0.928795
-4.4 -4 -0.948844
-4 -4 -0.287903
-3.6 -4 0.965658
-3.2 -4 0.23151
-2.4 -4 -0.174327
-2 -4 0.989358
-4.8 -5.6 0.984471
-4.4 -5.6 -0.473043
-4 -5.6 -0.397556
-3.6 -5.6 0.966299
-3.2 -5.6 -0.801354
-2.8 -5.6 0.0279596
-2.4 -5.6 0.766664
-2 -5.6 -0.979178
-4 -5.2 0.928795
-3.6 -5.2 -0.129194
-3.2 -5.2 -0.802836
-2.8 -5.2 0.91193
-2.4 -5.2 -0.0862633
-2 -5.2 -0.827826
-3.2 -4.8 0.340984
-2.8 -4.8 0.766664
-2.4 -4.8 -0.865612
-2 -4.8 -0.174327
-2.4 -4.4 -0.906628
-1.6 -5.6 0.448224
-1.2 -5.6 0.423055
-1.6 -5.2 0.893364
-1.2 -5.2 -0.0431719
-0.8 -5.2 -0.851273
-0.4 -5.2 0.873133
-1.6 -4.8 0.984903
-1.2 -4.8 -0.499642
-0.8 -4.8 -0.642999
-0.4 -4.8 0.939645
0 -4.8 -0
-1.6 -4.4 0.686609
-1.2 -4.4 -0.843188
-0.8 -4.4 -0.369441
-0.4 -4.4 0.982154
0 -4.4 -0
0.4 -4.4 -0.982154
0.8 -4.4 0.369441
1.2 -4.4 0.843188
-1.6 -4 0.116549
-1.2 -4 -0.996165
-0.8 -4 -0.0583741
-0.4 -4 0.999574
0 -4 -0
0.4 -4 -0.999574
0.8 -4 0.0583741
1.2 -4 0.996165
1.6 -4 -0.116549
2 -4 -0.989358
-0.8 -5.6 -0.973119
-0.4 -5.6 0.784316
0 -5.6 -0
0.4 -5.6 -0.784316
0.8 -5.6 0.973119
1.2 -5.6 -0.423055
1.6 -5.6 -0.448224
2 -5.6 0.979178
0 -5.2 -0
0.4 -5.2 -0.873133
0.8 -5.2 0.851273
1.2 -5.2 0.0431719
1.6 -5.2 -0.893364
2 -5.2 0.827826
0.8 -4.8 0.642999
1.2 -4.8 0.499642
1.6 -4.8 -0.984903
2 -4.8 0.174327
1.6 -4.4 -0.686609
2 -4.4 -0.584917
2.4 -5.6 -0.766664
2.8 -5.6 -0.0279596
2.4 -5.2 0.0862633
2.8 -5.2 -0.91193
3.2 -5.2 0.802836
3.6 -5.2 0.129194
2.4 -4.8 0.865612
2.8 -4.8 -0.766664
3.2 -4.8 -0.340984
3.6 -4.8 0.999999
4 -4.8 -0.343315
2.4 -4.4 0.906628
2.8 -4.4 0.243886
3.2 -4.4 -0.998366
3.6 -4.4 0.131653
4 -4.4 0.948844
4.4 -4.4 -0.488565
4.8 -4.4 -0.765069
5.2 -4.4 0.776348
2.8 -4 0.979178
3.2 -4 -0.23151
3.6 -4 -0.965658
4 -4 0.287903
4.8 -4 -0.343315
5.2 -4 -0.928795
5.6 -4 0.397556
6 -4 0.905578
3.2 -5.6 0.801354
3.6 -5.6 -0.966299
4 -5.6 0.397556
4.4 -5.6 0.473043
4.8 -5.6 -0.984471
5.2 -5.6 0.748413
5.6 -5.6 0.0558974
6 -5.6 -0.817766
4 -5.2 -0.928795
4.4 -5.2 0.776348
4.8 -5.2 0.171883
5.2 -5.2 -0.943928
5.6 -5.2 0.748413
6 -5.2 0.214253
4.8 -4.8 0.866851
5.2 -4.8 0.171883
5.6 -4.8 -0.984471
6 -4.8 0.501789
5.6 -4.4 0.473043
6.4 -5.6 0.958724
6.8 -5.6 -0.371745
6.4 -5.2 -0.957302
6.8 -5.2 0.719082
7.2 -5.2 0.256222
7.6 -5.2 -0.96889
6.4 -4.8 0.641097
6.8 -4.8 -0.940491
7.2 -4.8 0.00248081
7.6 -4.8 0.938794
8 -4.8 -0.644897
8.4 -4.8 -0.497491
6.4 -4.4 -0.114085
6.8 -4.4 0.997199
7.2 -4.4 -0.261015
7.6 -4.4 -0.899017
8.4 -4.4 0.673632
8.8 -4.4 -0.852573
9.2 -4.4 -0.352933
6.4 -4 -0.450441
6.8 -4 -0.879273
7.2 -4 0.501789
7.6 -4 0.849969
8 -4 -0.551427
8.4 -4 -0.817766
8.8 -4 0.599183
9.2 -4 0.782775
9.6 -4 -0.644897
10 -4 -0.745113
7.2 -5.6 -0.497491
7.6 -5.6 0.988994
8 -5.6 -0.729577
8.4 -5.6 -0.0837914
8.8 -5.6 0.833539
9.2 -5.6 -0.950399
9.6 -5.6 0.345644
10 -5.6 0.521551
8 -5.2 0.688411
8.4 -5.2 0.297714
8.8 -5.2 -0.978671
9.2 -5.2 0.656455
9.6 -5.2 0.338651
10 -5.2 -0.986628
8.8 -4.8 0.98533
9.2 -4.8 -0.176769
9.6 -4.8 -0.864367
10 -4.8 0.768255
9.6 -4.4 0.98533
10 -4.4 -0.0177019
-10 -3.6 -0.991779
-9.6 -3.6 -0.00248081
-9.2 -3.6 0.991132
-10 -3.2 0.551427
-9.6 -3.2 -0.641097
-9.2 -3.2 -0.919051
-8.8 -3.2 0.114085
-8.4 -3.2 0.984471
-10 -2.8 0.270906
-9.6 -2.8 0.984471
-9.2 -2.8 0.586928
-8.8 -2.8 -0.473043
-8.4 -2.8 -0.99912
-8 -2.8 -0.397556
-7.6 -2.8 0.652704
-9.6 -2.4 -0.866851
-9.2 -2.4 -0.0887346
-8.8 -2.4 0.765069
-8.4 -2.4 0.966299
-7.6 -2.4 -0.572503
-7.2 -2.4 -0.999999
-6.8 -2.4 -0.574536
-10 -2 0.912945
-9.6 -2 0.343315
-9.2 -2 -0.434566
-8.8 -2 -0.948844
-8.4 -2 -0.887567
-8 -2 -0.287903
-7.6 -2 0.486399
-7.2 -2 0.965658
-6.8 -2 0.859162
-6.4 -2 0.23151
-6 -2 -0.536573
-4.8 -2 -0.174327
-2.8 -2 -0.631267
2.4 -2 0.996165
4.4 -2 -0.584917
-8.8 -3.6 0.261015
-8.4 -3.6 -0.923047
-8 -3.6 -0.501789
-7.6 -3.6 0.792156
-7.2 -3.6 0.708421
-6.8 -3.6 -0.607366
-6.4 -3.6 -0.866851
-6 -3.6 0.38125
-8 -3.2 0.450441
-7.6 -3.2 -0.726175
-7.2 -3.2 -0.866851
-6.8 -3.2 0.229096
-6.4 -3.2 0.998222
-6 -3.2 0.343315
-7.2 -2.8 0.966299
-6.8 -2.8 0.189295
-6.4 -2.8 -0.801354
-6.4 -2.4 0.340984
-5.6 -3.6 0.966299
-5.2 -3.6 -0.129194
-5.6 -3.2 -0.801354
-5.2 -3.2 -0.802836
-4.8 -3.2 0.340984
-4.4 -3.2 0.998366
-5.6 -2.8 0.0279596
-5.2 -2.8 0.91193
-4.8 -2.8 0.766664
-4.4 -2.8 -0.243886
-4 -2.8 -0.979178
-3.6 -2.8 -0.609335
-5.6 -2.4 0.766664
-5.2 -2.4 -0.0862633
-4.8 -2.4 -0.865612
-4.4 -2.4 -0.906628
-3.6 -2.4 0.706668
-3.2 -2.4 0.984903
-2.8 -2.4 0.423055
-5.6 -2 -0.979178
-5.2 -2 -0.827826
-4.4 -2 0.584917
-4 -2 0.989358
-3.6 -2 0.793668
-3.2 -2 0.116549
-2.4 -2 -0.996165
-2 -2 -0.756802
-4.8 -3.6 -0.999999
-4.4 -3.6 -0.131653
-4 -3.6 0.965658
-3.6 -3.6 0.383543
-3.2 -3.6 -0.865612
-2.8 -3.6 -0.609335
-2.4 -3.6 0.706668
-2 -3.6 0.793668
-4 -3.2 0.23151
-3.6 -3.2 -0.865612
-3.2 -3.2 -0.727878
-2.8 -3.2 0.448224
-2.4 -3.2 0.984903
-2 -3.2 0.116549
-3.2 -2.8 0.448224
-2.8 -2.8 0.999902
-2.4 -2.8 0.423055
-2.4 -2.4 -0.499642
-1.6 -3.6 -0.499642
-1.2 -3.6 -0.923998
-1.6 -3.2 -0.91807
-1.2 -3.2 -0.642999
-0.8 -3.2 0.549355
-0.4 -3.2 0.958016
-1.6 -2.8 -0.973119
-1.2 -2.8 -0.216675
-0.8 -2.8 0.784316
-0.4 -2.8 0.9001
0 -2.8 -0
-1.6 -2.4 -0.642999
-1.2 -2.4 0.258619
-0.8 -2.4 0.939645
-0.4 -2.4 0.819192
0 -2.4 -0
0.4 -2.4 -0.819192
0.8 -2.4 -0.939645
1.2 -2.4 -0.258619
-1.6 -2 -0.0583741
-1.2 -2 0.675463
-0.8 -2 0.999574
-0.4 -2 0.717356
0 -2 -0
0.4 -2 -0.717356
0.8 -2 -0.999574
1.2 -2 -0.675463
1.6 -2 0.0583741
-0.8 -3.6 0.258619
-0.4 -3.6 0.991458
0 -3.6 -0
0.4 -3.6 -0.991458
0.8 -3.6 -0.258619
1.2 -3.6 0.923998
1.6 -3.6 0.499642
2 -3.6 -0.793668
0 -3.2 -0
0.4 -3.2 -0.958016
0.8 -3.2 -0.549355
1.2 -3.2 0.642999
1.6 -3.2 0.91807
2 -3.2 -0.116549
0.8 -2.8 -0.784316
1.2 -2.8 0.216675
1.6 -2.8 0.973119
1.6 -2.4 0.642999
2 -2.4 0.996165
2.4 -3.6 -0.706668
2.8 -3.6 0.609335
2.4 -3.2 -0.984903
2.8 -3.2 -0.448224
3.2 -3.2 0.727878
3.6 -3.2 0.865612
2.4 -2.8 -0.423055
2.8 -2.8 -0.999902
3.2 -2.8 -0.448224
3.6 -2.8 0.609335
4 -2.8 0.979178
2.4 -2.4 0.499642
2.8 -2.4 -0.423055
3.2 -2.4 -0.984903
3.6 -2.4 -0.706668
4 -2.4 0.174327
4.4 -2.4 0.906628
4.8 -2.4 0.865612
5.2 -2.4 0.0862633
2.8 -2 0.631267
3.2 -2 -0.116549
3.6 -2 -0.793668
4.8 -2 0.174327
5.2 -2 0.827826
5.6 -2 0.979178
3.2 -3.6 0.865612
3.6 -3.6 -0.383543
4 -3.6 -0.965658
4.4 -3.6 0.131653
4.8 -3.6 0.999999
5.2 -3.6 0.129194
5.6 -3.6 -0.966299
6 -3.6 -0.38125
4 -3.2 -0.23151
4.4 -3.2 -0.998366
4.8 -3.2 -0.340984
5.2 -3.2 0.802836
5.6 -3.2 0.801354
6 -3.2 -0.343315
4.8 -2.8 -0.766664
5.2 -2.8 -0.91193
5.6 -2.8 -0.0279596
5.6 -2.4 -0.766664
6.4 -3.6 0.866851
6.8 -3.6 0.607366
6.4 -3.2 -0.998222
6.8 -3.2 -0.229096
7.2 -3.2 0.866851
7.6 -3.2 0.726175
6.4 -2.8 0.801354
6.8 -2.8 -0.189295
7.2 -2.8 -0.966299
7.6 -2.8 -0.652704
8 -2.8 0.397556
8.4 -2.8 0.99912
6.4 -2.4 -0.340984
6.8 -2.4 0.574536
7.2 -2.4 0.999999
7.6 -2.4 0.572503
8.4 -2.4 -0.966299
8.8 -2.4 -0.765069
9.2 -2.4 0.0887346
6.4 -2 -0.23151
6.8 -2 -0.859162
7.2 -2 -0.965658
7.6 -2 -0.486399
8 -2 0.287903
8.4 -2 0.887567
8.8 -2 0.948844
9.2 -2 0.434566
9.6 -2 -0.343315
10 -2 -0.912945
7.2 -3.6 -0.708421
7.6 -3.6 -0.792156
8 -3.6 0.501789
8.4 -3.6 0.923047
8.8 -3.6 -0.261015
9.2 -3.6 -0.991132
9.6 -3.6 0.00248081
10 -3.6 0.991779
8 -3.2 -0.450441
8.4 -3.2 -0.984471
8.8 -3.2 -0.114085
9.2 -3.2 0.919051
9.6 -3.2 0.641097
10 -3.2 -0.551427
8.8 -2.8 0.473043
9.2 -2.8 -0.586928
9.6 -2.8 -0.984471
9.6 -2.4 0.866851
10 -2.4 0.905578
-10 -1.6 -0.287903
-9.6 -1.6 0.340984
-9.2 -1.6 0.834907
-10 -1.2 -0.536573
-9.6 -1.2 -0.865612
-9.2 -1.2 -0.999013
-8.8 -1.2 -0.906628
-8.4 -1.2 -0.609335
-10 -0.8 0.989358
-9.2 -0.8 0.880452
-8.8 -0.8 0.686609
-8.4 -0.8 0.423055
-8 -0.8 0.116549
-10 -0.4 -0.756802
-9.6 -0.4 -0.642999
-9.2 -0.4 -0.512769
-8.8 -0.4 -0.369441
-8.4 -0.4 -0.216675
-8 -0.4 -0.0583741
-7.6 -0.4 0.101418
-7.2 -0.4 0.258619
-6.8 -0.4 0.409214
2.4 0 0
4.4 0 0
-8.8 -1.6 0.998366
-8.4 -1.6 0.766664
-8 -1.6 0.23151
-7.6 -1.6 -0.395278
-7.2 -1.6 -0.865612
-6.8 -1.6 -0.993329
-6.4 -1.6 -0.727878
-6 -1.6 -0.174327
-8 -1.2 -0.174327
-7.6 -1.2 0.300081
-7.2 -1.2 0.706668
-6.8 -1.2 0.953541
-6.4 -1.2 0.984903
-6 -1.2 0.793668
-7.2 -0.8 -0.499642
-6.8 -0.8 -0.746765
-6.4 -0.8 -0.91807
-6 -0.8 -0.996165
-6.4 -0.4 0.549355
-6 -0.4 0.675463
-5.6 -1.6 0.448224
-5.2 -1.6 0.893364
-5.6 -1.2 0.423055
-5.2 -1.2 -0.0431719
-4.8 -1.2 -0.499642
-4.4 -1.2 -0.843188
-5.6 -0.8 -0.973119
-5.2 -0.8 -0.851273
-4.8 -0.8 -0.642999
-4.4 -0.8 -0.369441
-4 -0.8 -0.0583741
-3.6 -0.8 0.258619
-5.6 -0.4 0.784316
-5.2 -0.4 0.873133
-4.8 -0.4 0.939645
-4.4 -0.4 0.982154
-4 -0.4 0.999574
-3.6 -0.4 0.991458
-3.2 -0.4 0.958016
-2.8 -0.4 0.9001
-4.8 -1.6 0.984903
-4.4 -1.6 0.686609
-4 -1.6 0.116549
-3.6 -1.6 -0.499642
-3.2 -1.6 -0.91807
-2.8 -1.6 -0.973119
-2.4 -1.6 -0.642999
-2 -1.6 -0.0583741
-4 -1.2 -0.996165
-3.6 -1.2 -0.923998
-3.2 -1.2 -0.642999
-2.8 -1.2 -0.216675
-2.4 -1.2 0.258619
-2 -1.2 0.675463
-3.2 -0.8 0.549355
-2.8 -0.8 0.784316
-2.4 -0.8 0.939645
-2 -0.8 0.999574
-2.4 -0.4 0.819192
-2 -0.4 0.717356
-1.6 -1.6 0.549355
-1.2 -1.6 0.939645
-1.6 -1.2 0.939645
-1.2 -1.2 0.991458
-0.8 -1.2 0.819192
-0.4 -1.2 0.461779
-1.6 -0.8 0.958016
-1.2 -0.8 0.819192
-0.8 -0.8 0.597195
-0.4 -0.8 0.314567
0 -0.8 -0
0.4 -0.8 -0.314567
-1.6 -0.4 0.597195
-1.2 -0.4 0.461779
-0.8 -0.4 0.314567
-0.4 -0.4 0.159318
0 -0.4 -0
0.4 -0.4 -0.159318
0.8 -0.4 -0.314567
1.2 -0.4 -0.461779
0.4 0 0
0.8 0 0
1.2 0 0
1.6 0 0
-0.8 -1.6 0.958016
-0.4 -1.6 0.597195
0 -1.6 -0
0.4 -1.6 -0.597195
0.8 -1.6 -0.958016
1.2 -1.6 -0.939645
1.6 -1.6 -0.549355
2 -1.6 0.0583741
0 -1.2 -0
0.4 -1.2 -0.461779
0.8 -1.2 -0.819192
1.2 -1.2 -0.991458
1.6 -1.2 -0.939645
2 -1.2 -0.675463
0.8 -0.8 -0.597195
1.2 -0.8 -0.819192
1.6 -0.8 -0.958016
2 -0.8 -0.999574
1.6 -0.4 -0.597195
2 -0.4 -0.717356
2.4 -1.6 0.642999
2.8 -1.6 0.973119
2.4 -1.2 -0.258619
2.8 -1.2 0.216675
3.2 -1.2 0.642999
3.6 -1.2 0.923998
2.4 -0.8 -0.939645
2.8 -0.8 -0.784316
3.2 -0.8 -0.549355
3.6 -0.8 -0.258619
4 -0.8 0.0583741
4.4 -0.8 0.369441
2.4 -0.4 -0.819192
2.8 -0.4 -0.9001
3.2 -0.4 -0.958016
4 -0.4 -0.999574
4.4 -0.4 -0.982154
4.8 -0.4 -0.939645
5.2 -0.4 -0.873133
2.8 0 0
3.2 0 0
3.6 0 0
4.8 0 0
3.2 -1.6 0.91807
3.6 -1.6 0.499642
4 -1.6 -0.116549
4.4 -1.6 -0.686609
4.8 -1.6 -0.984903
5.2 -1.6 -0.893364
5.6 -1.6 -0.448224
6 -1.6 0.174327
4 -1.2 0.996165
4.4 -1.2 0.843188
4.8 -1.2 0.499642
5.2 -1.2 0.0431719
5.6 -1.2 -0.423055
6 -1.2 -0.793668
4.8 -0.8 0.642999
5.2 -0.8 0.851273
5.6 -0.8 0.973119
6 -0.8 0.996165
6 -0.4 -0.675463
6.4 -1.6 0.727878
6.8 -1.6 0.993329
6.4 -1.2 -0.984903
6.8 -1.2 -0.953541
7.2 -1.2 -0.706668
7.6 -1.2 -0.300081
6.4 -0.8 0.91807
6.8 -0.8 0.746765
7.2 -0.8 0.499642
7.6 -0.8 0.20179
8 -0.8 -0.116549
8.4 -0.8 -0.423055
6.4 -0.4 -0.549355
6.8 -0.4 -0.409214
7.2 -0.4 -0.258619
8 -0.4 0.0583741
8.4 -0.4 0.216675
8.8 -0.4 0.369441
9.2 -0.4 0.512769
7.2 -1.6 0.865612
7.6 -1.6 0.395278
8 -1.6 -0.23151
8.4 -1.6 -0.766664
8.8 -1.6 -0.998366
9.2 -1.6 -0.834907
9.6 -1.6 -0.340984
10 -1.6 0.287903
8 -1.2 0.174327
8.4 -1.2 0.609335
8.8 -1.2 0.906628
9.2 -1.2 0.999013
9.6 -1.2 0.865612
10 -1.2 0.536573
8.8 -0.8 -0.686609
9.2 -0.8 -0.880452
9.6 -0.8 -0.984903
10 -0.8 -0.989358
9.6 -0.4 0.642999
10 -0.4 0.756802
